0.0 1.0 0.0 0.0 0.0
0.05005005005005005 0.9987485446852569 -0.0499665167020679 0.0025036969263003933 0.0999956774040795
0.1001001001001001 0.9950066997421507 -0.0994325350879971 0.00999913343551416 0.1993655553386447
0.15015015015015015 0.9888119694348411 -0.14790167188758155 0.02243940242803849 0.29748827194134947
0.2002002002002002 0.9802265076031861 -0.194885606301232 0.039746708847000226 0.393751147998375
0.2502502502502503 0.9693366276559748 -0.2399081240320341 0.0618128952643251 0.4875545501760969
0.3003003003003003 0.9562520870166302 -0.2825090285390607 0.08850021356343847 0.5783161134531077
0.35035035035035034 0.9411052018810446 -0.3222478218305069 0.1196422795623091 0.66547472136304
0.4004004004004004 0.9240497651812336 -0.3587073627120861 0.15504524061175481 0.7484944703479884
0.45045045045045046 0.9052597877637137 -0.3914972875266709 0.1944891350663594 0.8268683873033568
0.5005005005005005 0.8849280840190147 -0.4202572398991094 0.2377294210803249 0.9001219514272449
0.5505505505505506 0.8632646928400233 -0.4446598616738092 0.2844986853294883 0.9678163710461968
0.6006006006006006 0.8404951506295225 -0.464413524961737 0.3345085142025096 1.0295515946024376
0.6506506506506506 0.8168586472324525 -0.4792648029194747 0.38745149467969864 1.0849690532276777
0.7007007007007007 0.7926060504601428 -0.4890006228632728 0.4430033614387517 1.1337540768349648
0.7507507507507507 0.7679978435898146 -0.49345012626679036 0.5008252427791704 1.1756380086916325
0.8008008008008008 0.7433019727214925 -0.49248619637692953 0.5605660096009599 1.210399977953956
0.8508508508508509 0.7187916078433131 -0.48602652458894086 0.6218647267162374 1.2378681970933403
0.9009009009009009 0.6947429315223856 -0.47403480853705665 0.6843530718145006 1.2579213949589954
0.950950950950951 0.6714328341815671 -0.4565211691150342 0.7476578729231447 1.270489444204198
1.001001001001001 0.6491364458273298 -0.4335416758598436 0.8114038404609188 1.2755530700530175
1.0510510510510511 0.6281248723485708 -0.40519859130003855 0.8752160666733246 1.2731442983422725
1.1011011011011012 0.6086631398605324 -0.37164001576279526 0.9387223241282615 1.2633462802231672
1.1511511511511512 0.5910075860534529 -0.3330583989846699 1.0015559721926872 1.2462919548237577
1.2012012012012012 0.5754039426635653 -0.2896896793275866 1.0633581271922514 1.2221633465126966
1.2512512512512513 0.5620849622246794 -0.2418113701612743 1.1237803354909288 1.1911897831510407
1.3013013013013013 0.5512686183260069 -0.189740764252516 1.1824866523051258 1.153646218874041
1.3513513513513513 0.543155989220492 -0.13383257268020032 1.2391560606842091 1.1098509830138132
1.4014014014014013 0.537929565833394 -0.07447639277843315 1.293484458657678 1.0601633356530848
1.4514514514514514 0.5357514625500212 -0.012093768664823038 1.3451867581766999 1.0049806065736926
1.5015015015015014 0.536761987808175 0.05286481709464032 1.3939986184485105 0.9447352463091222
1.5515515515515514 0.5410782804442454 0.11992327783037968 1.4396781202041733 0.8798915369632495
1.6016016016016017 0.548793055458163 0.18858352978849782 1.4820073348901042 0.8109420155612467
1.6516516516516517 0.5599736288503547 0.25832918830502205 1.5207936120858152 0.7384037912188666
1.7017017017017018 0.5746610991037063 0.32862945437888735 1.555870712071979 0.662814656473851
1.7517517517517518 0.5928697137783461 0.3989431105133143 1.5870997526505934 0.5847290748544813
1.8018018018018018 0.6145864578085751 0.4687226241442347 1.6143699330040693 0.5047140436903051
1.8518518518518519 0.6397708409307459 0.5374183090793483 1.6375990563829983 0.42334488392668984
1.901901901901902 0.6683548904216746 0.6044825169973991 1.6567338446820905 0.34120098474842653
1.951951951951952 0.7002433683608343 0.6693738327352313 1.6717500247403243 0.2588615280813548
2.002002002002002 0.735314182665976 0.7315612305741473 1.6826522166054219 0.1769012380854331
2.052052052052052 0.7734190077146931 0.7905281725515417 1.6894736071729164 0.09588617356713285
2.1021021021021022 0.8143841102470931 0.8457766128494062 1.6922754126702075 0.016369599552557297
2.1521521521521523 0.858011369991213 0.8968308798091437 1.6911461399604226 -0.061112032834131025
2.2022022022022023 0.9040795025840365 0.9432413945869035 1.6862006378372472 -0.13604295791511872
2.2522522522522523 0.952345450082724 0.9845882136977965 1.6775789731704474 -0.20793180341911385
2.3023023023023024 1.0025459466468578 1.020484363865631 1.6654451232508585 -0.27631510408184184
2.3523523523523524 1.0543992475569086 1.0505789407187713 1.6499854954601045 -0.3407605919311003
2.4024024024024024 1.1076070052113627 1.0745599526835936 1.6314072902150116 -0.40087024381090364
2.4524524524524525 1.1618562992861352 1.0921568407204143 1.6099366976481424 -0.4562830181301216
2.5025025025025025 1.2168217604221667 1.103142743039524 1.5858169914435118 -0.506677345536216
2.5525525525525525 1.2721677291303886 1.1073366274062095 1.5593065825720855 -0.5517734912179357
2.6026026026026026 1.327550742224931 1.104604567324123 1.530676713954056 -0.5913350920685662
2.6526526526526526 1.3826218108434791 1.0948612106677804 1.5002093710601427 -0.6251708721609287
2.7027027027027026 1.437028902337391 1.0780707395971907 1.4681949697808423 -0.6531358684876323
2.7527527527527527 1.49041946275799 1.0542471201402535 1.434929977563854 -0.6751319603886821
2.8028028028028027 1.542442872860856 1.0234547304611725 1.4007146146081075 -0.6911087682549373
2.8528528528528527 1.5927530014681812 0.9858076493605146 1.3658504074843267 -0.7010632407865023
2.9029029029029028 1.6410106559546274 0.9414695600513007 1.3306378678183708 -0.7050398420516905
2.952952952952953 1.686886062626829 0.8906524945176171 1.295374096797362 -0.7031296014649675
3.003003003003003 1.730061188448759 0.8336154309345611 1.2603505394594352 -0.6954690135904807
3.053053053053053 1.7702322052293846 0.7706633767052203 1.2258506181480902 -0.6822394200249136
3.103103103103103 1.8071116749073322 0.7021452646402478 1.1921475920539621 -0.663665216070756
3.1531531531531534 1.8404304907479043 0.6284504611167664 1.159502601279539 -0.6400106858636426
3.2032032032032034 1.8699402370247924 0.5500065166824932 1.1281623513021177 -0.6115780720205584
3.2532532532532534 1.8954146796416578 0.46727749351595976 1.098357662974378 -0.5787061816262854
3.3033033033033035 1.9166515662505197 0.38076035719458756 1.0703016482321464 -0.5417671022637298
3.3533533533533535 1.9334743241947852 0.29098078588110327 1.0441879579104851 -0.5011623439971155
3.4034034034034035 1.9457334509330677 0.19848964855274517 1.02018935582476 -0.45731962677324567
3.4534534534534536 1.9533074668181007 0.10385987850302067 0.998456723638683 -0.4106900430376047
3.5035035035035036 1.9561040070810485 0.00768217901219706 0.9791178894203231 -0.3617440774374912
3.5535535535535536 1.9540606627681059 -0.08943932775299843 0.9622766918544898 -0.3109675604708213
3.6036036036036037 1.9471455649126672 -0.18689136193124684 0.9480122945351327 -0.25885770440074723
3.6536536536536537 1.9353576230770606 -0.28405546333728277 0.9363788320450449 -0.20591940943281542
3.7037037037037037 1.9187267222335342 -0.38031257809569025 0.9274050780679335 -0.1526609667223113
3.7537537537537538 1.897313680421331 -0.47504737358731003 0.9210943413621513 -0.09959001851953622
3.803803803803804 1.8712099499249017 -0.5676527169959821 0.91742460278839 -0.04720935258384881
3.853853853853854 1.840537053115428 -0.6575337436792345 0.9163489076837912 0.003986909546666809
3.903903903903904 1.8054458727472231 -0.74411228291905 0.9177958865528576 0.05351748162255036
3.953953953953954 1.7661157514910097 -0.826830814369415 0.9216704583424514 0.10091762980379138
4.004004004004004 1.7227533289693027 -0.9051564844374852 0.9278547813919324 0.14574295500138282
4.054054054054054 1.6755912167288594 -0.9785848915926866 0.9362093560722824 0.1875729567389813
4.104104104104104 1.6248864680013242 -1.0466436817071385 0.9465743196969868 0.22601441691009064
4.1541541541541545 1.5709189131283665 -1.1088958460022915 0.9587708711069072 0.2607045025426483
4.2042042042042045 1.513989331027947 -1.1649427999822295 0.97260284852725 0.29131366007136866
4.2542542542542545 1.4544174180149883 -1.2144272688256046 0.9878584937764028 0.3175483239153401
4.3043043043043046 1.3925396595285262 -1.257035798928024 1.0043123109040382 0.33915326929519235
4.354354354354355 1.3287070814155972 -1.29250095260137 1.0217270372425704 0.3559136617936665
4.404404404404405 1.263282909896187 -1.3206031786694572 1.0398557000143929 0.3676567967587879
4.454454454454455 1.1966403250762008 -1.34117220089165 1.0584435939626984 0.3742533803062277
4.504504504504505 1.129159269816839 -1.3540888512009932 1.0772310915434442 0.37561921634615714
4.554554554554555 1.0612247590418402 -1.3592848968336009 1.095955141663122 0.3717150092073861
4.604604604604605 0.9932238328447472 -1.3567440745903638 1.114351951607959 0.3625472882277126
4.654654654654655 0.9255430509332188 -1.3465020893773754 1.1321591954555261 0.34816835402956736
4.704704704704705 0.8585658923124679 -1.3286461949098818 1.1491183018283928 0.32867582193101724
4.754754754754755 0.792670187724797 -1.303314574370901 1.164976709381602 0.304211974781016
4.804804804804805 0.7282256019735083 -1.2706952682940527 1.1794900709093572 0.27496268145966724
4.854854854854855 0.6655911504400631 -1.23102490853385 1.1924244232345533 0.24115612994159372
4.904904904904905 0.6051128585749828 -1.184586684947399 1.2035582141707777 0.20306082747805246
4.954954954954955 0.5471214119955861 -1.1317085604080925 1.2126843403890502 0.1609838387111993
5.005005005005005 0.4919300507512011 -1.0727605809946856 1.2196119443771902 0.11526816079804966
5.055055055055055 0.43983248735448566 -1.008152345582334 1.2241681897961942 0.06629025281924314
5.105105105105105 0.3911009564567765 -0.9383300366530507 1.226199907324778 0.014457147109326447
5.155155155155155 0.34598458068558263 -0.8637729663172561 1.2255749337297686 -0.03979689527712497
5.205205205205205 0.3047077281685449 -0.7849902295955928 1.222183459819625 -0.09601362606797183
5.255255255255255 0.26746858920132105 -0.7025170582455715 1.215939166204079 -0.15371433130012918
5.305305305305305 0.23443800522881278 -0.6169108400182088 1.2067801149079869 -0.21240366522326456
5.355355355355355 0.20575845032524448 -0.5287471349490189 1.1946694952143777 -0.27157348065916925
5.405405405405405 0.1815432245654684 -0.43861550955412926 1.179596165489423 -0.33070682571082954
5.455455455455455 0.16187585681030667 -0.34711529489318027 1.1615749944994866 -0.38928200399679525
5.505505505505505 0.14680971790493996 -0.2548512805793944 1.1406470015162715 -0.44677668650643776
5.555555555555555 0.13636787220786767 -0.16242937114987638 1.1168792690547567 -0.5026720477277004
5.605605605605605 0.1305431166907453 -0.07045226188633821 1.0903646774669151 -0.5564568726120257
5.655655655655655 0.12929825562557024 0.020484862367887095 1.061221415932732 -0.6076316282353675
5.7057057057057055 0.13256657984222484 0.10979855649501445 1.0295923002437075 -0.6557124536948358
5.7557557557557555 0.140252568326695 0.19692129055144358 0.9956438787258086 -0.700235083367589
5.8058058058058055 0.15223273430202308 0.2813052426804495 0.9595654176193561 -0.7407583950179213
5.8558558558558556 0.16835681150006374 0.36242658943498457 0.9215675302834917 -0.7768684047022755
5.905905905905906 0.18844896279890938 0.43978871083874305 0.8818808383401912 -0.8081812235194654
5.955955955955956 0.21230923983892108 0.5129258247155775 0.8407543654584638 -0.8343464007519266
6.006006006006006 0.23971522624965136 0.581406207696848 0.7984537712086215 -0.8550498539846411
6.056056056056056 0.27042386665770574 0.6448351848112346 0.755259412623891 -0.8700165573478745
6.106106106106106 0.30417321315626106 0.7028575799691538 0.7114645116143556 -0.8790127185697643
6.156156156156156 0.3406845031589395 0.7551600859710224 0.6673729986336341 -0.8818478402917039
6.206206206206206 0.37966479023580235 0.8014742189117979 0.623296784601031 -0.8783772847902026
6.256256256256257 0.4208084855946729 0.8415765366507205 0.5795542296768535 -0.8685023109501384
6.306306306306307 0.4638000922234945 0.8752909357534187 0.5364673405758537 -0.852171982200691
6.356356356356357 0.5083164787928464 0.9024895270691565 0.4943594849416821 -0.8293837466821946
6.406406406406407 0.5540293429991194 0.9230931067445498 0.45355293459889207 -0.8001835919725588
6.456456456456457 0.6006076428388342 0.9370715705106382 0.4143664444715382 -0.764666146752828
6.506506506506507 0.6477200594462694 0.9444438053528941 0.37711282156752196 -0.7229742598522443
6.556556556556557 0.6950374303025942 0.9452771351884347 0.3420965417233637 -0.6752981363302499
6.606606606606607 0.7422351788065309 0.939687142849249 0.3096113553466039 -0.6218748484538446
6.656656656656657 0.7889956270940679 0.9278354476981449 0.27993809677121223 -0.5629858150594454
6.706706706706707 0.83501045693202 0.9099284662755929 0.25334230438429717 -0.4989552538189195
6.756756756756757 0.879982620818716 0.8862163276545864 0.23007238291160134 -0.43014881184242965
6.806806806806807 0.9236287117127697 0.8569899003495475 0.21035738985612337 -0.3569702946263382
6.856856856856857 0.9656808019862686 0.822578725847859 0.19440531657584156 -0.2798593223651665
6.906906906906907 1.005888423888894 0.7833480804859214 0.18240126354948374 -0.19928811110861688
6.956956956956957 1.0440201898079602 0.7396960730594292 0.17450598293378855 -0.1157583069000408
7.007007007007007 1.0798653862868104 0.6920503812583041 0.1708544609015252 -0.029797460893006583
7.057057057057057 1.113235385187572 0.6408647566075917 0.17155469676066076 0.058044715924378515
7.107107107107107 1.143964835175313 0.5866153679013397 0.1766867134020122 0.1472002483771054
7.157157157157157 1.1719127332196677 0.5297969627322296 0.1863017001993584 0.2370869681228131
7.207207207207207 1.1969631701731067 0.47091909625720296 0.20042148954385589 0.3271124995141156
7.257257257257257 1.219026067319563 0.4105018559300512 0.21903806010293375 0.41667874772031477
7.307307307307307 1.2380375255901623 0.34907202447940516 0.2421134284700915 0.5051859252370594
7.357357357357357 1.2539601225919412 0.287158646717386 0.26957961276086606 0.5920371739953622
7.407407407407407 1.2667828610090623 0.22528921019514445 0.301338942197713 0.6766425485566951
7.4574574574574575 1.276521025569304 0.16398520641297992 0.33726447845391644 0.7584236167648044
7.5075075075075075 1.2832157722099065 0.10375836623971894 0.3772007001709736 0.8368173623279614
7.5575575575575575 1.2869335328888636 0.045106420427759766 0.420964390159944 0.9112805565206815
7.607607607607608 1.2877652285712358 -0.011490577371366509 0.46834571116616064 0.9812935468494357
7.657657657657658 1.2858252801654388 -0.06557392882686568 0.5191094923470858 1.0463640339428328
7.707707707707708 1.2812504637676079 -0.11670994389287788 0.5729966788547699 1.1060308106363668
7.757757757757758 1.2741985615182538 -0.16449326719109353 0.6297259874984759 1.1598671570176133
7.807807807807808 1.2648468745076857 -0.20854985248475766 0.6889957002842755 1.207483866783767
7.857857857857858 1.2533905749362326 -0.24853991054417993 0.7504856261225241 1.2485322343817273
7.907907907907908 1.240040933657804 -0.2841604633594852 0.813859185869824 1.282706631383048
7.957957957957958 1.225023421101842 -0.3151476038111742 0.878765624716516 1.309746772538918
8.008008008008009 1.2085756825802607 -0.3412784920635896 0.9448423516658313 1.3294397031866003
8.058058058058059 1.1909454716731749 -0.3623729820512637 1.0117173176687506 1.3416214010225516
8.108108108108109 1.172388445426056 -0.3782949665133985 1.0790115333598205 1.3461780807664252
8.158158158158159 1.1531659616765906 -0.38895330557621116 1.146341579118764 1.343047066739097
8.208208208208209 1.1335427882563982 -0.3943024700933037 1.2133222028086879 1.3322173649817406
8.258258258258259 1.1137848322088872 -0.39434277271070706 1.279568892089363 1.3137298074358772
8.308308308308309 1.0941568161271993 -0.3891202737334412 1.3447004969915994 1.2876768556987235
8.358358358358359 1.0749200461873853 -0.37872632178013865 1.4083417479283586 1.2542020275616135
8.408408408408409 1.0563301650055181 -0.3632967482802405 1.470125788441804 1.2134989612963398
8.458458458458459 1.0386349052989146 -0.3430106928143072 1.5296967062192233 1.1658100937545217
8.508508508508509 1.022071977593103 -0.31808909802821383 1.5867119136520234 1.1114249975681947
8.558558558558559 1.006867028853654 -0.2887928836189803 1.6408444510474636 1.0506783837672433
8.608608608608609 0.9932316804967677 -0.2554207875476864 1.6917852041788095 0.9839477569081645
8.65865865865866 0.9813617126872408 -0.21830694024430908 1.7392449618717296 0.911650793459304
8.70870870870871 0.9714353591232464 -0.1778181552095795 1.782956355239439 0.8342424236263158
8.75875875875876 0.9636117100646348 -0.134350880228937 1.8226756830382211 0.7522115565281539
8.80880880880881 0.9580294246680094 -0.08832824681194353 1.8581843935585796 0.6660779168688792
8.85885885885886 0.9548052889702089 -0.04019623746990819 1.8892907561083696 0.5763879399758057
8.90890890890891 0.954033257301175 0.009579742422516791 1.9158309927929265 0.48371110517778426
8.95895895895896 0.955783644718369 0.06051844703106153 1.937670249168785 0.3886361058580409
9.00900900900901 0.9601023985373152 0.11212686256049724 1.9547034942852 0.2917664928777421
9.05905905905906 0.9670105239794399 0.1639040905496465 1.9668562472911468 0.19371652128017303
9.10910910910911 0.9765038703992751 0.2153454426348857 1.9740849194696266 0.09510676840542705
9.15915915915916 0.9885528823560085 0.26594645427963726 1.976377193953241 -0.003440163985565594
9.20920920920921 1.0031029496056392 0.31520709454040685 1.9737517642771498 -0.10130416493826627
9.25925925925926 1.0200746816271746 0.3626357784207425 1.9662581530451306 -0.19787192494827424
9.30930930930931 1.0393643625092737 0.40775333505055145 1.9539763366668113 -0.2925412063813579
9.35935935935936 1.0608446636640567 0.4500968911287316 1.9370160924171251 -0.3847250343990767
9.40940940940941 1.0843655645588266 0.4892236767990391 1.9155161210942178 -0.47385581439372093
9.45945945945946 1.1097554634800961 0.5247146750402165 1.889642963696052 -0.5593892946659802
9.50950950950951 1.1368225339624576 0.5561780083091572 1.8595896507075658 -0.6408082672920012
9.55955955955956 1.1653559629563992 0.5832524084452186 1.825574479009083 -0.7176263509650352
9.60960960960961 1.1951277310914814 0.6056100270640099 1.787839196934697 -0.7893911147759153
9.65965965965966 1.225894342569247 0.6229592221542003 1.7466472409321552 -0.8556871767475855
9.70970970970971 1.2573985495575553 0.635047290158348 1.7022819770183686 -0.9161392464548291
9.75975975975976 1.2893715653811229 0.6416623993561573 1.655044401698928 -0.9704143655934232
9.80980980980981 1.3215350856688257 0.6426355110083095 1.6052510453743332 -1.0182241310142222
9.85985985985986 1.3536034177638485 0.6378421020770344 1.5532317549557124 -1.0593267180134993
9.90990990990991 1.385285768387372 0.6272033837653744 1.4993272938917235 -1.0935283933360596
9.95995995995996 1.4162885869799446 0.6106869813016401 1.4438868654862294 -1.1206844795961302
10.01001001001001 1.4463178733809423 0.5883075229527608 1.3872656692901462 -1.1407002258270527
10.06006006006006 1.4750815131675243 0.5601271648126559 1.3298224266863108 -1.1535316132154811
10.11011011011011 1.5022917139531975 0.5262548489099813 1.271916755165938 -1.1591848697658218
10.16016016016016 1.5276672856548976 0.48684593751345834 1.2139067173719162 -1.1577163641081474
10.21021021021021 1.550935980303427 0.44210170714172686 1.1561463031873558 -1.1492323577732038
10.26026026026026 1.571836715805074 0.39226736859859 1.0989829756410288 -1.1338872467483398
10.31031031031031 1.5901217737287106 0.3376307981637267 1.0427552692509758 -1.111882528524889
10.36036036036036 1.605558864693687 0.2785206131374853 0.9877904984183139 -1.0834650936048202
10.41041041041041 1.6179331130909496 0.21530392120091718 0.934402535025193 -1.048925179832646
10.46046046046046 1.6270489186854455 0.14838372947818818 0.8828896978505826 -1.0085939733495888
10.51051051051051 1.6327317084538284 0.07819613284992827 0.8335327444909286 -0.9628409787150384
10.56056056056056 1.6348295237160877 0.0052071438814590264 0.7865930160527541 -0.912071014870679
10.61061061061061 1.6332143714110086 -0.07009071326662679 0.742310810282778 -0.856720957956647
10.66066066066066 1.6277834851988529 -0.14718190071443962 0.700903841266121 -0.7972563849885331
10.71071071071071 1.6184604119590231 -0.22553156342812825 0.6625658666216021 -0.7341680047665572
10.76076076076076 1.6051958853721993 -0.304589451110204 0.6274655195867695 -0.6679678465735611
10.81081081081081 1.5879684716084514 -0.38379399266152947 0.5957453631010063 -0.5991852793876141
10.86086086086086 1.5667850224153008 -0.4625764365237911 0.5675211332726096 -0.5283629515326954
10.91091091091091 1.5416809348139706 -0.540365033124373 0.5428811733111444 -0.45605267403268185
10.96096096096096 1.5127202928079602 -0.6165892494589592 0.5218859835748021 -0.38281126314352465
11.01101101101101 1.4799955815666173 -0.6906840674156551 0.5045681930838312 -0.309196267868307
11.06106106106106 1.443627323097233 -0.7620942084098049 0.49093261061816873 -0.23576176514740327
11.11111111111111 1.4037634925966758 -0.8302782907900159 0.4809564948090014 -0.1630542060510465
11.16116116116116 1.3605787212132354 -0.8947129046639846 0.4745900378320897 -0.09160832826654002
11.21121121121121 1.3142733452486126 -0.9548965963842215 0.47175700344211857 -0.021943147033996854
11.26126126126126 1.2650721976355328 -1.0103536799631048 0.4723556245468742 0.04544190104357855
11.31131131131131 1.2132231251596737 -1.0606378033805617 0.4762597783535086 0.11007059201244906
11.36136136136136 1.1589954785915504 -1.10533539875004 0.48332019090094747 0.17149343599215836
11.411411411411411 1.1026784515376264 -1.1440689110438709 0.4933657973901414 0.22929099111104098
11.461461461461461 1.0445792340330644 -1.1764996892496316 0.5062052979910288 0.2830768579091937
11.511511511511511 0.9850208726912605 -1.202330724168953 0.5216289976079227 0.3325005447328543
11.561561561561561 0.9243401736154065 -1.2213090079957463 0.5394106203071016 0.3772499581299569
11.611611611611611 0.8628854932206785 -1.2332274760684256 0.5593092503703012 0.41705349084600285
11.661661661661661 0.8010143831569593 -1.237926772890214 0.5810714161938035 0.4516819491493299
11.711711711711711 0.7390911519985567 -1.2352967499340426 0.604433261221758 0.4809502242584114
11.761761761761761 0.6774843560637368 -1.2252773649217135 0.6291228044926761 0.5047183834519782
11.811811811811811 0.6165642313230044 -1.2078592312112053 0.6548622676659205 0.5228924248960328
11.861861861861861 0.5567002814045172 -1.18308411579684 0.6813702572670453 0.5354249728090766
11.911911911911911 0.498258613754322 -1.1510446950668343 0.7083642056563728 0.5423152676163243
11.961961961961961 0.44159942848053424 -1.1118841538604092 0.7355626728802166 0.5436089956425452
12.012012012012011 0.3870745181907538 -1.0657953704476522 0.7626876496669149 0.5393977173357917
12.062062062062061 0.3350247885017137 -1.0130196473044524 0.7894668525977302 0.5298178554510382
12.112112112112111 0.28577793996719336 -0.9538452469663642 0.8156358738707062 0.5150494851799845
12.162162162162161 0.23964601887413603 -0.8886054677285046 0.8409404606296038 0.49531469370254216
12.212212212212211 0.19692336924259232 -0.8176763314239096 0.8651384322236639 0.47087553796350884
12.262262262262261 0.15788451500866005 -0.7414742091149789 0.8880016613521405 0.44203195183352567
12.312312312312311 0.12278216460030034 -0.6604528761640106 0.9093179510921727 0.409119101567955
12.362362362362362 0.09184541848255368 -0.5751003911899699 0.9288927263487098 0.3725045620567453
12.412412412412412 0.06527819014179284 -0.4859357970401863 0.9465505300112423 0.33258531190442336
12.462462462462462 0.0432577091991713 -0.39350549539999324 0.9621364460636541 0.28978441817894945
12.512512512512513 0.025933251800336916 -0.29837945121814213 0.975517313585989 0.24454754966271328
12.562562562562563 0.013425065067923483 -0.2011472186051276 0.9865827625624528 0.19733931385160666
12.612612612612613 0.00582347611166186 -0.10241384001626697 0.9952460789671344 0.1486394688044053
12.662662662662663 0.003188195126714619 -0.0027956407762480505 1.0014448905078306 0.09893903111103572
12.712712712712714 0.005547984761316899 0.09708422655975146 1.0051415143202207 0.048736136341827926
12.762762762762764 0.01290026410525939 0.1965999365732436 1.006323361497519 -0.0014678059663849746
12.812812812812814 0.02521116843655254 0.2951275068971776 1.0050029224609363 -0.05117231423860077
12.862862862862864 0.042415757936920845 0.3920491863759665 1.0012176126078411 -0.09988191348021518
12.912912912912914 0.06441840103515507 0.48675771601250994 0.9950294545090804 -0.14711009143223666
12.962962962962964 0.09109343606030018 0.5786606534291041 0.9865245029106979 -0.19238331937573433
13.013013013013014 0.12228600248360884 0.6671844850111293 0.9758121116040439 -0.23524486713478274
13.063063063063064 0.15781309435364743 0.7517786576763509 0.9630239942548819 -0.27525854211845224
13.113113113113114 0.19746480574020597 0.8319194242402475 0.9483131073856055 -0.3120122483117894
13.163163163163164 0.24100575829876467 0.9071134790214752 0.9318523652138407 -0.3451213427086924
13.213213213213214 0.28817672839504604 0.976901438670302 0.9138331695265387 -0.3742318427634253
13.263263263263264 0.3386964106963179 1.0408609919082532 0.8944638154775821 -0.3990233131157304
13.313313313313314 0.3922633505409448 1.0986098059237959 0.8739677421244436 -0.41921151708590165
13.363363363363364 0.44855802427044034 1.1498082020628893 0.8525816479104905 -0.4345508454315044
13.413413413413414 0.5072450042831725 1.194161394700654 0.8305535320918098 -0.444836321628967
13.463463463463464 0.5679753008048842 1.2314215736859448 0.8081405733301938 -0.44990545686737843
13.513513513513514 0.6303886985925066 1.2613894485840518 0.7856070211396936 -0.44963958346074084
13.563563563563564 0.6941162896077878 1.2839156481290483 0.7632219057579639 -0.44396504928833025
13.613613613613614 0.7587829130332033 1.2989015550437297 0.741256845644492 -0.43285386621691574
13.663663663663664 0.824009807132122 1.3062999606629973 0.719983658002384 -0.4163241844745883
13.713713713713714 0.889417080976443 1.3061151730470655 0.6996721514080487 -0.3944402405086788
13.763763763763764 0.9546264078376008 1.298402905765253 0.6805877119752001 -0.36731209219725364
13.813813813813814 1.0192634590810932 1.2832696644561719 0.6629891482081163 -0.3350948729096418
13.863863863863864 1.0829605706566416 1.2608718684158609 0.6471263186300964 -0.29798778739067244
13.913913913913914 1.1453590514235659 1.2314145382962314 0.6332381131167608 -0.2562326964383252
13.963963963963964 1.206111679727227 1.195149681349007 0.6215502600309457 -0.2101124072216285
14.014014014014014 1.2648849949485723 1.1523743276973328 0.6122733382635401 -0.15994863243860713
14.064064064064064 1.3213614764497725 1.1034282437115401 0.6056009050808023 -0.10609964196181748
14.114114114114114 1.3752416233345428 1.0486912977471075 0.60170772800296 -0.04895758357819095
14.164164164164164 1.4262458904962387 0.9885805990257072 0.6007481605557063 0.011054409780470745
14.214214214214214 1.474116487725309 0.9235473681634376 0.6028546567079429 0.07348536573169374
14.264264264264265 1.5186189683235063 0.854073487104329 0.6081364964675622 0.1378599183120226
14.314314314314315 1.5595437145577902 0.7806679730735981 0.6166786134160728 0.2036818220189548
14.364364364364365 1.596707179128761 0.7038631407207303 0.6285406658893575 0.27043775509760465
14.414414414414415 1.6299529596163025 0.6242106680215 0.643756272643082 0.3376012069100563
14.464464464464465 1.6591526642519476 0.542277510997743 0.6623324546453031 0.40463649997774065
14.514514514514515 1.6842065563559454 0.4586417203312187 0.6842492942601934 0.471002893899516
14.564564564564565 1.7050440608477173 0.3738882159807251 0.7094597294810727 0.5361587214431811
14.614614614614615 1.7216239274530858 0.28860446763715875 0.7378896841011842 0.5995655943744161
14.664664664664665 1.7339342888427218 0.20337622864847307 0.7694382989232822 0.6606925494149161
14.714714714714715 1.7419924702748957 0.11878326879971315 0.8039784046253349 0.7190201783786098
14.764764764764765 1.745844578409584 0.03539516434379168 0.8413572080476117 0.7740446865283261
14.814814814814815 1.7455648735471303 -0.046232804045216985 0.8813971864884855 0.8252818289242211
14.864864864864865 1.7412549709572238 -0.12556364732230907 0.9238971455493336 0.8722707297374064
14.914914914914915 1.7330428496889563 -0.2020825359726364 0.9686334609339273 0.9145775608391264
14.964964964964965 1.7210815792130236 -0.27530040358953956 1.0153615878933524 0.9517989379394558
15.015015015015015 1.7055480126583873 -0.34475745840021477 1.0638176003260935 0.9835652220330262
15.065065065065065 1.6866412125391095 -0.4100263892835411 1.1137199818149248 1.0095434978445583
15.115115115115115 1.6645807546413616 -0.4707153461486053 1.1647715285920086 1.0294403181387575
15.165165165165165 1.6396048837163655 -0.5264706364159661 1.2166613882465245 1.043004153707511
15.215215215215215 1.6119685407871742 -0.5769791231058821 1.2690672141360886 1.0500275354714306
15.265265265265265 1.5819412797638863 -0.6219703112679563 1.321657417562696 1.0503488762641195
15.315315315315315 1.5498050879734364 -0.6612181068873718 1.37409350262079 1.0438539570027239
15.365365365365365 1.515852128197144 -0.6945422404373841 1.4260324659024681 1.0304770701633006
15.415415415415415 1.4803824043562452 -0.721809226870537 1.4771292538149483 1.0102016910855611
15.465465465465465 1.4437014144538047 -0.7429331627026509 1.527039226056454 0.9830609839815351
15.515515515515515 1.4061178210395393 -0.7578766598467914 1.575420606956421 0.9491384469493419
15.565565565565565 1.3679409465457826 -0.7666497226560518 1.6219370279716014 0.9085664690768027
15.615615615615615 1.3294782670802852 -0.7693097634723648 1.666260118523521 0.861526038924313
15.665665665665665 1.291033338524984 -0.7659612545040568 1.7080716468191657 0.8082461039807882
15.715715715715715 1.2529033630041397 -0.7567543758597908 1.7470659807966789 0.7490018990960811
15.765765765765765 1.215376803376868 -0.7418833737321149 1.7829524872664693 0.6841129835371711
15.815815815815816 1.1787314712462582 -0.7215852332320811 1.8154574660431841 0.613941616581143
15.865865865865866 1.143232120019269 -0.6961371332084578 1.8443265327096285 0.5388898795836319
15.915915915915916 1.1091288398918495 -0.6658544037599496 1.8693262024619794 0.45939733754506573
15.965965965965966 1.0766549445991433 -0.6310876388534203 1.8902459619250043 0.3759378278428479
16.016016016016017 1.046025425726932 -0.5922198594001694 1.906899756966896 0.28901632272930844
16.066066066066067 1.0174353403612821 -0.549663237894054 1.9191275322247854 0.1991653447691167
16.116116116116117 0.9910584098297067 -0.5038557112808175 1.9267965453311116 0.10694127684269673
16.166166166166168 0.9670459668809974 -0.45525757187477645 1.9298023177249024 0.012920663807237286
16.216216216216218 0.9455257186655217 -0.40434736729701337 1.9280697522064731 -0.08230419064007913
16.266266266266268 0.9266011145665979 -0.35161841303501007 1.9215536360246894 -0.178128983977568
16.316316316316318 0.9103506199766593 -0.29757460700606386 1.9102392198040574 -0.27394188482995135
16.366366366366368 0.8968272886371541 -0.2427263792057291 1.8941424856787346 -0.36912785317477775
16.416416416416418 0.8860585485682483 -0.18758661941155286 1.873310188624914 -0.4630729739783018
16.466466466466468 0.8780461813398145 -0.1326665710156983 1.8478196913951483 -0.5551688164463063
16.516516516516518 0.8727665079075089 -0.07847174772883952 1.8177785803606958 -0.6448167607212419
16.566566566566568 0.8701707767851975 -0.025497897658951954 1.783324066881461 -0.7314322673662909
16.616616616616618 0.8701857481278925 0.025772915011923112 1.744622183154263 -0.8144490165213493
16.666666666666668 0.872714486689809 0.07487619322597502 1.701866753679093 -0.8933230049973113
16.716716716716718 0.8776372963630341 0.1213685613797199 1.6552782269351252 -0.9675362925299238
16.766766766766768 0.8848129338601081 0.16483154595622682 1.6051021924910474 -1.0366009836298606
16.816816816816818 0.8940798810890056 0.20487463309865478 1.5516078629089125 -1.1000624445207583
16.866866866866868 0.9052578410327021 0.24113846792743554 1.495086302476768 -1.1575026690335655
16.916916916916918 0.9181493720553561 0.27329769210714294 1.435848515243433 -1.2085432628175026
16.966966966966968 0.9325416705092552 0.3010634775612764 1.374223377484781 -1.2528481075795275
17.017017017017018 0.9482084346782431 0.3241858605605638 1.310555484400896 -1.2901258161392593
17.067067067067068 0.9649117668351385 0.34245595737162177 1.2452029565752367 -1.3201320632661624
17.117117117117118 0.9824044838370137 0.35570708660625744 1.1785348167749978 -1.342670770184059
17.167167167167168 1.0004322059922046 0.36381644427864357 1.1109285996646958 -1.3575958684925116
17.217217217217218 1.018735376610741 0.36670611043542356 1.0427680340217478 -1.3648123715762328
17.26726726726727 1.0370518021554513 0.3643435045048734 0.9744401774605365 -1.364276858861722
17.31731731731732 1.055118702453917 0.3567418150090266 0.9063330653710471 -1.355997944774648
17.36736736736737 1.0726751878619778 0.3439598270322762 0.8388329106811712 -1.3400361104658356
17.41741741741742 1.0894643611863113 0.32610149202370614 0.77232169527681 -1.3165032712327092
17.46746746746747 1.1052357011403044 0.30331514852670693 0.7071744673299223 -1.285561977689614
17.51751751751752 1.1197471489829658 0.2757923392592167 0.643756948052973 -1.2474241963928563
17.56756756756757 1.1327673477405733 0.24376633232026756 0.5824229774808909 -1.2023497804814385
17.61761761761762 1.1440775522773705 0.20751031858466554 0.5235123032758171 -1.1506446002362374
17.66766766766767 1.1534737207265002 0.16733523869705597 0.4673481800082572 -1.0926582884626261
17.71771771771772 1.1607681995498562 0.12358741089896474 0.4142353923229979 -1.0287817713123724
17.76776776776777 1.1657915278539484 0.07664577501418966 0.36445815209917304 -0.9594444006285837
17.81781781781782 1.1683939629385145 0.026918934087498868 0.31827828757631177 -0.8851108693035147
17.86786786786787 1.1684468892218292 -0.0251580584148752 0.2759335533364264 -0.8062778579035729
17.91791791791792 1.1658440562180563 -0.07912711958385564 0.2376361190488917 -0.7234704593763366
17.96796796796797 1.1605026341914768 -0.13451075128461984 0.20357124891771747 -0.6372383964735459
18.01801801801802 1.1523641173187926 -0.190815783483395 0.17389614080626953 -0.548152099372505
18.06806806806807 1.1413949820251075 -0.24753730094146617 0.1487390220294156 -0.45679858332145445
18.11811811811812 1.1275871880521255 -0.3041626260581858 0.1281984105589889 -0.36377726116184894
18.16816816816817 1.1109584655252918 -0.3601753869295787 0.1123426013302267 -0.2696956580556987
18.21821821821822 1.091552399116151 -0.41505962644962835 0.1012093664772183 -0.17516507413553542
18.26826826826827 1.0694382969567935 -0.46830391606584104 0.09480588308724805 -0.08079623156940506
18.31831831831832 1.044710864644063 -0.5194054431620808 0.09310886748915781 0.01280506128396508
18.36836836836837 1.0174896738494839 -0.5678740436294886 0.09606492773084868 0.10504220032042325
18.41841841841842 0.9879184556524675 -0.6132361611981764 0.10359110282641529 0.19533201051964003
18.46846846846847 0.9561640930973713 -0.6550386628784624 0.11557572291256972 0.28310883971319156
18.51851851851852 0.922415594040184 -0.6928525258626248 0.13187929296879458 0.3678285228321041
18.56856856856857 0.88688275395573 -0.7262763535296958 0.1523357082425482 0.4489721884446381
18.61861861861862 0.8497947027930258 -0.7549396869999089 0.17675359719292902 0.526049863961082
18.66866866866867 0.8113982729624271 -0.7785060754698738 0.20491785964616255 0.598603845508163
18.71871871871872 0.7719562249333201 -0.796675915988614 0.23659136141219297 0.6662118414320505
18.76876876876877 0.7317453347199797 -0.8091890104431566 0.27151678267609364 0.7284898366134023
18.81881881881882 0.6910543706785667 -0.8158268222538275 0.3094185924752132 0.7850946589958698
18.86886886886887 0.6501819522018735 -0.8164144366245819 0.3500051568497894 0.8357262522416501
18.91891891891892 0.6094343300524057 -0.8108221804040808 0.39297094104683883 0.8801296087301386
18.96896896896897 0.5691230838375725 -0.798966920602504 0.43799881001855046 0.9180963822444979
19.01901901901902 0.5295627696564313 -0.7808129942266654 0.4847623949165885 0.9494661312549427
19.06906906906907 0.4910685272504045 -0.7563727895877878 0.53292851551433 0.9741272127893166
19.11911911911912 0.4539536694870064 -0.725706927430873 0.5821596374089877 0.9920172738627768
19.16916916916917 0.4185272729504419 -0.6889240976416076 0.6321163426896396 1.0031233958785861
19.21921921921922 0.3850917721695587 -0.6461809585743926 0.6824597943686262 1.0074823019493326
19.26926926926927 0.3539406160781808 -0.5976805873395491 0.7328541996352341 1.005179101721728
19.31931931931932 0.3253558687487793 -0.5436714645590285 0.782969306717545 0.9963465769810155
19.36936936936937 0.2996061373232928 -0.48444624758424765 0.8324825817676438 0.981164240083839
19.41941941941942 0.2769442639214297 -0.4203394159047645 0.8810816711360216 0.9598562662388934
19.46946946946947 0.25760539107043284 -0.35172534533075267 0.928466471508713 0.9326898411664775
19.51951951951952 0.24180492662209294 -0.27901558248445757 0.9743513344153043 0.8999727076944273
19.56956956956957 0.2297368541736411 -0.2026561170276804 1.018466929954318 0.8620506937125334
19.61961961961962 0.22157201244212701 -0.12312422757299615 1.0605621569643437 0.8193048124843719
19.66966966966967 0.21745665825303007 -0.040925175524472175 1.1004057800148321 0.7721481949126451
19.71971971971972 0.2175111116359262 0.0434114337734275 1.1377879986746875 0.72102268355287
19.76976976976977 0.22182864510157327 0.12933536375529567 1.1725217815338862 0.6663953391334715
19.81981981981982 0.2304746174116479 0.21627957012090523 1.2044439651243815 0.6087548223237781
19.86986986986987 0.24348561737700442 0.3036644386033628 1.2334163587378073 0.5486073574241039
19.91991991991992 0.26086900291679566 0.3909018616733613 1.2593264578721983 0.48647283659558543
19.96996996996997 0.2826025900299299 0.4773994811438397 1.2820880184949068 0.4228807478077975
20.02002002002002 0.3086345149797492 0.5625650057133857 1.3016414669634855 0.3583660159477789
20.07007007007007 0.33888336596059104 0.6458105008296934 1.3179540471780862 0.29346485596246896
20.12012012012012 0.37323850634611505 0.7265566818649496 1.3310197834219433 0.22871060936281729
20.17017017017017 0.41156060688870283 0.804237146973273 1.3408592400976322 0.16462962646414286
20.22022022022022 0.4536824007714891 0.8783025270177706 1.3475190640823331 0.10173721668304526
20.27027027027027 0.49940963501785984 0.9482245236206839 1.351071335322833 0.040533695794663586
20.32032032032032 0.54852222815112 1.0134998385139722 1.3516127159299425 -0.018499473077027463
20.37037037037037 0.6007756104058519 1.07365386534525 1.3492634182565684 -0.0749033168776275
20.42042042042042 0.6559022450932661 1.1282441877858838 1.344165994335157 -0.12824481180576103
20.47047047047047 0.7136133339464517 1.1768639583973395 1.3364839454480288 -0.1781202379180265
20.52052052052052 0.7736006665104876 1.2191448802031222 1.326400185002661 -0.22415815350325657
20.57057057057057 0.835538623291218 1.2547600034018986 1.3141153496933762 -0.26602219946204264
20.62062062062062 0.899086308627609 1.2834262112955614 1.29984597979075 -0.3034136087307473
20.67067067067067 0.9638897987311609 1.3049063707062285 1.2838225822659093 -0.33607339601543346
20.72072072072072 1.0295844907738805 1.3190111767690882 1.2662875909307432 -0.36378425724092556
20.77077077077077 1.0957975364997254 1.325600644133458 1.2474932388238473 -0.3863721308944888
20.82082082082082 1.1621503365414736 1.3245852387172659 1.227699365770207 -0.4037074150955122
20.87087087087087 1.228261088132307 1.3159266544852077 1.2071711682118502 -0.4157058447204292
20.92092092092092 1.2937473828469823 1.2996382287819237 1.1861768944484667 -0.4223290220710442
20.97097097097097 1.358228745970458 1.2757849393483123 1.1649855891006498 -0.4235845430172478
21.02102102102102 1.4213292609401986 1.2444830906504054 1.143864749753889 -0.4195258274803546
21.07107107107107 1.4826800918863525 1.205899580723247 1.1230780746974736 -0.41025154345779113
21.12112112112112 1.541922003592355 1.160250828975979 1.1028832068611574 -0.39590470580880166
21.17117117117117 1.5987078056593504 1.1078013211984388 1.083529544048156 -0.3766714052858517
21.22122122122122 1.6527047008116522 1.0488618373807839 1.0652561350513614 -0.3527792321949527
21.27127127127127 1.703596579066289 0.9837873044876003 1.0482896213132566 -0.32449533834147004
21.32132132132132 1.7510861261165542 0.9129743792016375 1.0328423511347724 -0.2921242384431158
21.37137137137137 1.7948968944323866 0.8368586598124403 1.0191105232190407 -0.2560052542327233
21.42142142142142 1.8347751197381843 0.7559117029255932 1.007272568902003 -0.21650977075098216
21.47147147147147 1.8704915104747546 0.6706376705716465 0.9974875542707268 -0.1740381361615175
21.52152152152152 1.9018427096676316 0.5815698856680643 0.9898938907757936 -0.12901647483233022
21.57157157157157 1.9286527270233587 0.48926702778259923 0.9846080685376806 -0.08189315366129463
21.62162162162162 1.9507740825788127 0.3943092423491774 0.9817236604453676 -0.03313516653812218
21.67167167167167 1.9680887867284642 0.29729405831833694 0.9813104774844773 0.016775664269638307
21.72172172172172 1.9805091054015642 0.19883219087145518 0.9834139242741208 0.06734659561580536
21.77177177177177 1.9879781082267935 0.09954325236477354 0.9880545565200187 0.11807795723982965
21.82182182182182 1.9904700068212693 5.133428052141176e-05 0.9952278349801216 0.16846726482304228
21.87187187187187 1.9879902700543415 -0.09901918822315821 1.0049040830672744 0.21801312399795397
21.92192192192192 1.980575522635355 -0.1970480180987471 1.017028648673291 0.26621928523615945
21.97197197197197 1.9682932776598614 -0.2934239158440059 1.0315222301765543 0.3125992694165054
22.02202202202202 1.9512412991102999 -0.387548110703292 1.0482815229039002 0.3566795259374913
22.07207207207207 1.929546914168711 -0.47883895819703304 1.067179932177232 0.3980037445720353
22.12212212212212 1.9033660604139617 -0.5667358947480737 1.0880685230311824 0.43613650282983407
22.17217217217217 1.872882126978698 -0.6507033411861811 1.1107771614418827 0.4706668553454094
22.22222222222222 1.838304589913435 -0.73023441089938 1.1351158438989384 0.5012117298600367
22.27227227227227 1.7998675076962494 -0.804854403670794 1.160876154682584 0.5274191113989145
22.32232232232232 1.7578278300612944 -0.8741240754685782 1.1878328931476856 0.5489710045678791
22.37237237237237 1.7124635418918808 -0.9376426330802283 1.215745849903184 0.5655861244387625
22.42242242242242 1.6640716575235184 -0.9950504170489302 1.2443617165707141 0.5770222806289073
22.47247247247247 1.612966116916089 -1.0460313342367562 1.2734160817213935 0.5830785153636792
22.52252252252252 1.559475552408978 -1.0903149581069553 1.302635540491689 0.5835969150617616
22.57257257257257 1.5039409455242922 -1.1276782479995076 1.331739897990614 0.5784640483099992
22.62262262262262 1.446713222032314 -1.157946940080694 1.3604444218722804 0.5676120826273056
22.67267267267267 1.3881507744940957 -1.1809965158051925 1.3884621514213569 0.551019488132228
22.72272272272272 1.328617009777133 -1.1967532743824172 1.4155061858390123 0.5287118431017771
22.772772772772772 1.2684777148450266 -1.20519400217005 1.441292103065719 0.5007612692589393
22.822822822822822 1.2080985761801606 -1.20634656159196 1.4655402596598215 0.46728676606860625
22.872872872872872 1.1478426255244984 -1.200288792467018 1.487978107593999 0.42845290099135197
22.922922922922922 1.0880677509915289 -1.187148391739292 1.508342478904066 0.38446945386543385
22.972972972972972 1.0291242377652003 -1.167101134841749 1.5263817878164727 0.3355894490053704
23.023023023023022 0.9713523952597024 -1.1403697879128323 1.5418581701866692 0.2821078629221612
23.073073073073072 0.9150802319444281 -1.1072220934987782 1.5545495464558117 0.22435943239753864
23.123123123123122 0.8606213175301901 -1.0679685054870103 1.5642514924963171 0.1627162265786124
23.173173173173172 0.8082725727380958 -1.0229600278179538 1.5707791848211485 0.09758531701450332
23.223223223223222 0.7583124783014501 -0.9725850147894366 1.573968899709469 0.029405455944523325
23.273273273273272 0.7109992133405632 -0.9172662077882133 1.5736795892703765 -0.04135601812877936
23.323323323323322 0.6665689591207814 -0.8574578283130802 1.569794295318518 -0.11420621091113445
23.373373373373372 0.6252344739794933 -0.7936416657225106 1.562221264276461 -0.188630669326568
23.423423423423422 0.5871837848323547 -0.7263235282690569 1.5508949566957972 -0.26409701613304065
23.473473473473472 0.5525790758153161 -0.656029423220976 1.5357768531772755 -0.3400588376913595
23.523523523523522 0.5215557867217887 -0.5833014480513221 1.516856043560008 -0.41595984159499977
23.573573573573572 0.4942219071763228 -0.5086937629055172 1.494149622571844 -0.4912379209414226
23.623623623623622 0.4706574764666745 -0.4327683725115268 1.4677028760890365 -0.5653293920076967
23.673673673673672 0.4509142969001079 -0.3560909088695495 1.4375892540115744 -0.6376732158098887
23.723723723723722 0.43501585903193 -0.2792264202812528 1.4039101319491802 -0.7077151975854418
23.773773773773772 0.42295747539806317 -0.20273510650372134 1.3667943635719089 -0.774912224473801
23.823823823823822 0.41470662592352003 -0.12716814058534046 1.326397623835007 -0.8387364009172479
23.873873873873872 0.4102035157209706 -0.05306372549084037 1.2829015463417872 -0.8986789336209441
23.923923923923923 0.4093618338568067 0.019057149487261563 1.2365126525516985 -0.9542543012413323
23.973973973973973 0.41206968571015373 0.0886941878475757 1.187461126784234 -1.005003645338186
24.024024024024023 0.4181907401182283 0.15537165824876764 1.13599936740516 -1.050498538505029
24.074074074074073 0.4275655420228326 0.21864181007015687 1.0824003845646226 -1.0903442815602558
24.124124124124123 0.4400129940299239 0.27808809398396367 1.0269560344308433 -1.1241829912663548
24.174174174174173 0.45533199416714026 0.33332814315067655 0.9699751040469194 -1.1516964345603915
24.224224224224223 0.4733032224682675 0.3840164659512678 0.9117812555890435 -1.172608559902417
24.274274274274273 0.4936910466639142 0.4298468668156557 0.8527108593639439 -1.1866877443457624
24.324324324324323 0.5162454753132109 0.4705547342928393 0.7931107832865926 -1.1937489023571293
24.374374374374373 0.5407044088326707 0.5059185033170693 0.7333359087329507 -1.1936547346693585
24.424424424424423 0.5667957962142576 0.535761323482022 0.6737467349097588 -1.186317192584719
24.474474474474473 0.5942398039591723 0.559952142104904 0.6147069898733184 -1.171698343172882
24.524524524524523 0.6227512794382193 0.5784063763486846 0.556580958299363 -1.1498107986134078
24.574574574574573 0.6520419386304431 0.5910864195605013 0.4997310930583955 -1.120717989804785
24.624624624624623 0.6818228463114462 0.5980015934297849 0.4445153505163948 -1.0845338570746366
24.674674674674673 0.711806656357707 0.5992078350548277 0.3912847783928149 -1.0414222797657033
24.724724724724723 0.741710008025702 0.5948070174064072 0.34038095809291413 -0.9915961237355484
24.774774774774773 0.7712557445207935 0.5849458844098969 0.2921336421371831 -0.9353159003660774
24.824824824824823 0.8001751705326318 0.5698146810934122 0.24685836337487166 -0.8728881102395878
24.874874874874873 0.828210146092823 0.549645426169797 0.2048542249653827 -0.8046632259093337
24.924924924924923 0.855115162128768 0.524709875710835 0.1664017213907668 -0.7310333578223582
24.974974974974973 0.880659247695484 0.4953171809220368 0.13176074419508862 -0.6524296114728722
25.025025025025027 0.9046277920211606 0.4618112637215566 0.10116868710831027 -0.5693191570806925
25.075075075075077 0.9268242056731277 0.4245679154386949 0.07483872808075465 -0.4822020196957746
25.125125125125127 0.9470714389192753 0.38399168196591266 0.052958269238552416 -0.39160765351967086
25.175175175175177 0.9652133441872772 0.34051248537788026 0.03568754853459248 -0.298091250008652
25.225225225225227 0.981115847104928 0.2945821204500947 0.023158458465068515 -0.20222992170744766
25.275275275275277 0.9946679594228656 0.24667050314993874 0.015473538641877102 -0.1046186356927931
25.325325325325327 1.0057826036576796 0.1972618261561251 0.012705172055288273 -0.005866055587540844
25.375375375375377 1.0143971863415082 0.14685068884181 0.014895049135968405 0.0934096374794893
25.425425425425427 1.0204740135749804 0.09593802272126063 0.02205380491821187 0.19258512997309488
25.475475475475477 1.0240006118911047 0.04502697378726926 0.03416076378432353 0.2910364038267419
25.525525525525527 1.0249896188215364 -0.0053811066576370595 0.05116413430987159 0.38814304379950393
25.575575575575577 1.023478627730848 -0.054790746524576134 0.07298126174350518 0.48329262149294594
25.625625625625627 1.0195298242020874 -0.1027163874616284 0.09949910384186322 0.5758850240071904
25.675675675675677 1.0132293465775455 -0.14868629451134802 0.130574998577094 0.6653366490416293
25.725725725725727 1.004686526840779 -0.19224638768777205 0.1660375642766573 0.7510845173346965
25.775775775775777 0.9940329022629636 -0.23296392441449057 0.205687843562741 0.8325902276778934
25.825825825825827 0.9814210598671599 -0.2704310132474907 0.2493006277827834 0.9093437352430865
25.875875875875877 0.9670233118663893 -0.30426793520203516 0.2966259633369117 0.9808669288596111
25.925925925925927 0.9510302032418003 -0.3341262347397407 0.34739083872452853 1.0467169681557895
25.975975975975977 0.9336488792897236 -0.3596915835264424 0.40130102321806727 1.1064893840971242
26.026026026026027 0.9151013089536707 -0.3806863609924107 0.45804306182766114 1.1598208850780016
26.076076076076077 0.8956223879934655 -0.3968719534671526 0.5172864013398276 1.2063918705928927
26.126126126126128 0.8754579366360757 -0.40805075088081677 0.5786856321214646 1.2459286308571285
26.176176176176178 0.8548625860357513 -0.4140677356278354 0.6418828533795107 1.2782051230010814
26.226226226226228 0.8340976531604022 -0.414812011370641 0.7065100515425111 1.3030446849232855
26.276276276276278 0.8134289391577031 -0.4102179086730774 0.7721915660101949 1.32032130968375
26.326326326326328 0.793124305592677 -0.4002650634465897 0.8385468050319439 1.3299598533730852
26.376376376376378 0.7734514373752034 -0.3849791223992186 0.9051927554424526 1.3319368936593423
26.426426426426428 0.7546757261114994 -0.3644317635584257 0.9717463776011693 1.3262808764516922
26.476476476476478 0.7370577089318384 -0.3387399459030927 1.0378274796979967 1.3130714623075088
26.526526526526528 0.7208510502112709 -0.3080654248000997 1.1030610190654042 1.2924391461165194
26.576576576576578 0.7063001233495604 -0.2726134166977012 1.1670798372444826 1.2645639941927618
26.626626626626628 0.6936380687068904 -0.2326312260795932 1.2295269004956955 1.229674334428933
26.676676676676678 0.6830845637337304 -0.18840638992972394 1.2900578469050903 1.1880449503690753
26.726726726726728 0.6748439901733477 -0.14026457056875305 1.3483431254816278 1.1399950036585949
26.776776776776778 0.6691034548360255 -0.08856707612974032 1.404070294793685 1.085885572817785
26.826826826826828 0.6660312189680109 -0.03370822147330473 1.456945901466322 1.026117012422696
26.876876876876878 0.6657749754059674 0.02388772140026536 1.506697522474819 0.9611258916262102
26.926926926926928 0.6684605436909894 0.08376967530581508 1.5530753771879864 0.8913818083244176
26.976976976976978 0.6741905640404858 0.1454632157505306 1.5958539465825263 0.8173838865714482
27.027027027027028 0.6830434159095634 0.20847420684721368 1.6348333620986428 0.7396570783758435
27.077077077077078 0.6950723313619221 0.2722925834423542 1.6698405965201504 0.6587483044572904
27.127127127127128 0.7103047129016405 0.33639628069816085 1.7007304456094015 0.5752224311247075
27.177177177177178 0.7287415841262281 0.4002552354336338 1.727386373703383 0.4896581654056521
27.227227227227228 0.7503573518391574 0.46333552298677866 1.7497210394843679 0.4026437918834201
27.27727727727728 0.7750996738998894 0.525103479807953 1.7676767119749799 0.3147729170634829
27.32732732732733 0.8028895831004211 0.5850298753220049 1.7812254223915576 0.22664014675055144
27.37737737737738 0.8336218481960944 0.6425940470366079 1.7903688696230513 0.13883678499187269
27.42742742742743 0.8671654695459845 0.6972879792469231 1.7951381849539514 0.05194658085132729
27.47747747747748 0.903364401907677 0.7486203247143963 1.7955934602133015 -0.033458482396313355
27.52752752752753 0.9420385205158963 0.7961202867369107 1.791823020467405 -0.1168222733865706
27.57757757757758 0.9829847367770363 0.839341373778968 1.7839425391321109 -0.19760848098283748
27.62762762762763 1.0259783005747911 0.877864947383152 1.7720939528807476 -0.2753043856413915
27.67767767767768 1.0707742775827007 0.9113036478642866 1.7564441945366256 -0.34942452220685605
27.72772772772773 1.117109220257442 0.9393045627915098 1.7371837182552552 -0.41951409675676343
27.77777777777778 1.1647028705919047 0.9615519792845525 1.7145249700181948 -0.48515198085368094
27.82782782782783 1.2132601930490068 0.9777702070437372 1.6887005362579477 -0.5459538133189303
27.87787787787788 1.262473394620356 0.987725841568326 1.659961275142438 -0.6015745294477296
27.92792792792793 1.312024140212122 0.9912298404929252 1.6285742468181323 -0.6517107229307568
27.97797797797798 1.361585784520188 0.9881391483897584 1.5948206054423097 -0.6961025525357664
28.02802802802803 1.4108254622883618 0.9783580377046476 1.5589936164501936 -0.7345353455834377
28.07807807807808 1.4594069242413297 0.9618392536754802 1.5213959356908366 -0.7668410953205724
28.12812812812813 1.5069930978835089 0.9385849876853902 1.4823371496196147 -0.792899752798956
28.17817817817818 1.5532477983422999 0.9086462947963209 1.442132074853053 -0.8126388501198258
28.22822822822823 1.5978387894734318 0.8721236495187575 1.4010977945871526 -0.826034445306181
28.27827827827828 1.640440078516338 0.8291664813611386 1.3595513966659551 -0.8331109472173119
28.32832832832833 1.6807343493234113 0.7799721370584692 1.3178075537046763 -0.8339403939091122
28.37837837837838 1.7184153414406438 0.7247848448471065 1.276176155195407 -0.8286417296249209
28.42842842842843 1.7531901722282681 0.6638942222412989 1.2349599776899534 -0.817379626639797
28.47847847847848 1.7847815303829346 0.5976332848251051 1.1944524614243872 -0.8003628064390033
28.52852852852853 1.8129298682897985 0.5263766138750521 1.154935492894825 -0.7778425189188776
28.57857857857858 1.8373953088979549 0.4505372579733209 1.1166774160281023 -0.7501097533362273
28.62862862862863 1.8579595926378036 0.3705644410910328 1.0799310358317118 -0.717493251265021
28.67867867867868 1.874427786254086 0.2869402620227552 1.0449318139460009 -0.680356508862576
28.72872872872873 1.8866297938707708 0.20017638286972594 1.0118962545780643 -0.6390947599768537
28.77877877877878 1.8944218975495963 0.11081061113657151 0.981020258153437 -0.594131854972701
28.82882882882883 1.8976877983076084 0.019402977408218544 0.9524779367416328 -0.545916618027425
28.87887887887888 1.8963396600114832 -0.0734682147717686 0.9264204258645773 -0.49491917686410897
28.92892892892893 1.8903190238747953 -0.16721025332315043 0.9029748229010477 -0.44162737161166177
28.97897897897898 1.8795973449648529 -0.26122034681516215 0.8822434702285701 -0.3865426862246189
29.02902902902903 1.8641764485279337 -0.3548898758448447 0.8643033175123809 -0.3301762532362619
29.07907907907908 1.8440886319409469 -0.44760872541870966 0.8492056184353876 -0.2730447617948303
29.12912912912913 1.8193966862420792 -0.53876961341525 0.8369757031726844 -0.21566636549859777
29.17917917917918 1.790193674205657 -0.6277724571937938 0.8276129805024933 -0.15855654112206372
29.22922922922923 1.7566023744603745 -0.7140286283829748 0.8210912588264817 -0.1022240396934971
29.27927927927928 1.718774694599858 -0.7969652621453346 0.8173590922012685 -0.04716678621129097
29.32932932932933 1.6768906804076509 -0.87602923137036 0.816340520383412 0.00613191842072346
29.37937937937938 1.6311575268114897 -0.9506911933139445 0.8179357999288996 0.05720726152320192
29.42942942942943 1.5818082214591336 -1.02044948114242 0.822022483642909 0.1056166471667927
29.47947947947948 1.529100097161948 -1.0848336330471022 0.8284565971517546 0.15094308117196395
29.52952952952953 1.4733132147339667 -1.143407748852149 0.8370739767071304 0.19279839528145637
29.57957957957958 1.4147484670562094 -1.1957738227189914 0.8476918602680049 0.23082645320163542
29.62962962962963 1.35372569184537 -1.2415744394379065 0.8601104933950984 0.264705749771938
29.67967967967968 1.290581538629252 -1.2804954590508217 0.8741149550878473 0.29415200184758805
29.72972972972973 1.2256672464929188 -1.3122682806356651 0.889477075849326 0.3189203381685413
29.77977977977978 1.1593462974664086 -1.3366717278469442 0.9059574757603507 0.33880712874810226
29.82982982982983 1.0919920752987373 -1.35353395520532 0.9233075971713898 0.35365183404877576
29.87987987987988 1.0239853054811965 -1.3627334153492792 0.9412719502164856 0.3633379571290321
29.92992992992993 0.9557114232207405 -1.3641997097131227 0.9595904276338754 0.3677938857728367
29.97997997997998 0.8875581812774253 -1.357914377052757 0.978000390242695 0.36699366953972523
30.03003003003003 0.8199129056640401 -1.3439108601289655 0.9962390923911992 0.36095701577061573
30.08008008008008 0.7531599940162824 -1.3222743940305952 1.014045875368094 0.34974920616373567
30.13013013013013 0.6876782485956254 -1.293141373444571 1.0311645209050464 0.3334805166341783
30.18018018018018 0.6238384306798067 -1.2566983988873908 1.047345393260658 0.3123053290718035
30.23023023023023 0.5620006973321743 -1.2131809613697637 1.0623476956580487 0.2864208964492352
30.28028028028028 0.5025122655896156 -1.1628717639868527 1.0759415106026906 0.2560657600925839
30.33033033033033 0.4457050150376489 -1.1060986903361405 1.0879098998471417 0.22151782915639792
30.38038038038038 0.39189338373405347 -1.0432325051846305 1.0980507246547748 0.18309220587062008
30.43043043043043 0.3413721797857804 -0.9746841609817392 1.1061785483954147 0.14113863187830186
30.48048048048048 0.2944147445614562 -0.9009019199841909 1.1121262041710567 0.09603876321454428
30.53053053053053 0.2512711050425753 -0.822368123180937 1.1157463735814288 0.04820310631371779
30.58058058058058 0.21216635558737998 -0.7395957483874437 1.1169129479549897 -0.0019322440418000214
30.63063063063063 0.17729923019598734 -0.6531247587414997 1.1155222089338956 -0.0539090637879851
30.68068068068068 0.14684084078321694 -0.5635182437106702 1.1114938518337507 -0.10725065360688393
30.73073073073073 0.12093362101310196 -0.4713584095967382 1.1047718144541143 -0.16146563221416688
30.78078078078078 0.09969049047972113 -0.37724242472836644 1.0953248975897378 -0.21605186274484797
30.83083083083083 0.08319417696902957 -0.281778194691328 1.083147236199216 -0.2705004414170834
30.88088088088088 0.07149679702659403 -0.18558004249876553 1.0682585269356057 -0.3242997689477798
30.93093093093093 0.06461963385602015 -0.08926432405177086 1.0507040695612657 -0.3769396775228715
30.98098098098098 0.06255321893525763 0.006554919446005669 1.0305545231606015 -0.42791550995129896
31.03103103103103 0.06525744904567549 0.10127028644858305 1.007905629592383 -0.47673217512051547
31.08108108108108 0.07266207969783674 0.19428532586465364 0.9828775834696916 -0.52290817487263
31.13113113113113 0.08466748338188264 0.28501897407863164 0.955614144188859 -0.5659797316186721
31.18118118118118 0.1011451054660222 0.3729082407515262 0.9262821016063226 -0.6055032864704266
31.23123123123123 0.12193918357042705 0.4574149735053987 0.8950693875669148 -0.6410617567477409
31.28128128128128 0.14686741740565254 0.5380267449149668 0.8621844033626389 -0.6722653246105509
31.33133133133133 0.17572269133327487 0.614261780761883 0.8278541935646707 -0.6987559578934819
31.38138138138138 0.20827459091179273 0.6856720356711411 0.7923228846432601 -0.7202101952885993
31.43143143143143 0.2442712766914623 0.751846338466753 0.7558497780083693 -0.7363419658203674
31.48148148148148 0.28344098384897887 0.8124126016265604 0.71870783462452 -0.74690455077123
31.53153153153153 0.3254947181167147 0.8670413202968971 0.6811809671700362 -0.7516936580382814
31.58158158158158 0.37012802681369605 0.9154470497315246 0.6435622898970441 -0.7505486552787555
31.63163163163163 0.41702322286757193 0.9573902278792641 0.6061519219867586 -0.7433540851310511
31.68168168168168 0.4658518492371242 0.9926788210548209 0.569254566598241 -0.7300409800811097
31.73173173173173 0.5162770509290069 1.0211694298161325 0.5331771976898129 -0.7105876631663276
31.78178178178178 0.5679560188332099 1.04276810129137 0.4982266890523668 -0.6850202564644751
31.83183183183183 0.6205425036338665 1.0574306606233648 0.46470739475340267 -0.6534127118212513
31.88188188188188 0.6736892839253533 1.0651627026890764 0.43291878638616466 -0.6158865083760666
31.93193193193193 0.727050663930058 1.0660196494839762 0.4031530597257854 -0.5726104137441106
31.98198198198198 0.7802849163553811 1.0601055750341757 0.3756928448870856 -0.5237990327749712
32.032032032032035 0.8330568132045537 1.0475720267785378 0.35080883030965054 -0.4697113493730404
32.08208208208208 0.8850397835509236 1.028617245194553 0.32875773765701466 -0.4106496758752792
32.132132132132135 0.9359183554691815 1.0034839192603007 0.30978007705248695 -0.3469571482373354
32.18218218218218 0.9853902357353673 0.9724573498207317 0.294098244786957 -0.27901563889992836
32.232232232232235 1.0331684798640248 0.9358629195089663 0.2819145593419488 -0.20724298225473123
32.28228228228228 1.0789833228188175 0.8940635378169413 0.273409638948423 -0.13209019204820907
32.332332332332335 1.1225840780354954 0.8474566111132841 0.2687407283145137 -0.054038206917220305
32.38238238238238 1.1637407149096708 0.7964709001288806 0.2680403531765503 0.026405457928611095
32.432432432432435 1.2022454171993011 0.7415630130619901 0.2714150086422571 0.10871041812338536
32.48248248248248 1.2379138030125592 0.6832139357052802 0.27894418951397015 0.19232707154205958
32.532532532532535 1.2705861301644585 0.6219250831072902 0.2906794514797788 0.2766907218635751
32.58258258258258 1.3001281572094678 0.5582145299617244 0.30664381727809575 0.3612255033627051
32.632632632632635 1.326431904229717 0.4926129041914791 0.32683129624895524 0.4453486336981073
32.68268268268268 1.34941619515672 0.4256592305832425 0.3512066285086456 0.5284747018403463
32.732732732732735 1.369026943730519 0.35789683946416606 0.3797052886506284 0.6100198737345878
32.78278278278278 1.3852372799732118 0.28986914700837546 0.412233657312393 0.6894062143757931
32.832832832832835 1.3980474501400608 0.2221154863357178 0.4486694230359138 0.7660659431984382
32.88288288288288 1.4074845030536978 0.15516700397911815 0.48886220123038493 0.8394456085037847
32.932932932932935 1.413601782792396 0.08954260251007357 0.5326343506348147 0.9090102009131279
32.98298298298298 1.4164782160153562 0.025744999105481153 0.5797819973879789 0.9742471351379189
33.033033033033036 1.416217405955828 -0.03574305927932564 0.6300762536170108 1.034670059413982
33.08308308308308 1.4129465446858336 -0.09446243046256392 0.6832646188854694 1.0898224991480037
33.133133133133136 1.4068151309832266 -0.1499810678466199 0.7390725775107261 1.1392813411539437
33.18318318318318 1.3979935559973167 -0.20189715624673618 0.7972053236383881 1.1826599468848755
33.233233233233236 1.3866714874462753 -0.24984217456018853 0.8573496909787676 1.2196111772149802
33.28328328328328 1.373056161834156 -0.2934835433355554 0.9191761678888396 1.2498299864844278
33.333333333333336 1.3573704990789655 -0.3325271091088656 0.9823410906854276 1.2730558378276933
33.38338338338338 1.3398511409487388 -0.3667192271145959 1.0464889063981233 1.2890747016799737
33.433433433433436 1.3207463728396145 -0.39584858904994585 1.1112545492882064 1.297720784420983
33.48348348348348 1.3003139569730937 -0.41974769746185175 1.1762659004471625 1.298877888564253
33.533533533533536 1.278818933486009 -0.43829397742246173 1.2411462720825464 1.2924803963264777
33.58358358358358 1.256531315177839 -0.4514105795477827 1.3055169939473192 1.278513929424207
33.633633633633636 1.2337238316026908 -0.4590667742585793 1.368999939493564 1.257015587622592
33.68368368368368 1.2106695701560704 -0.4612780378246297 1.4312201507207376 1.2280738640705016
33.733733733733736 1.1876397129885463 -0.4581057326427148 1.491808354618663 1.1918281435000317
33.78378378378378 1.1649012230462208 -0.4496564660238211 1.5504035241002359 1.1484678650189466
33.833833833833836 1.1427146185163766 -0.43608107585623346 1.6066553386047158 1.098231300698121
33.88388388388388 1.1213317964213394 -0.41757326874741757 1.6602265848118782 1.0414039742407173
33.933933933933936 1.1009938993008386 -0.39436795892924903 1.710795505526708 0.9783167705304701
33.98398398398398 1.081929345498706 -0.3667392431382299 1.7580579688046898 0.9093436699372822
34.034034034034036 1.0643518948999138 -0.33499810466921603 1.8017295935026811 0.8348992021777032
34.08408408408408 1.0484588709157334 -0.2994898136946346 1.8415477038017316 0.7554355873055302
34.134134134134136 1.034429517615113 -0.26059106562003065 1.8772731356273191 0.6714396061683463
34.18418418418418 1.0224235036350116 -0.21870687672385428 1.9086918828287143 0.5834292203626348
34.234234234234236 1.0125795875547905 -0.17426725936457838 1.935616567836417 0.4919499645566966
34.28428428428428 1.0050144505473273 -0.12772370768669014 1.9578877310862548 0.3975711430182334
34.334334334334336 0.9998217174062777 -0.07954550573176364 1.9753749167385464 0.30088184246919397
34.38438438438438 0.9970711590630914 -0.030215906524655067 1.9879775626027565 0.2024868112409754
34.434434434434436 0.9968080920000927 0.01977180233467833 1.9956256777950316 0.10300222055326294
34.48448448448448 0.9990529759106621 0.06991831066995513 1.99828030689315 0.003051344764163133
34.53453453453454 1.0038012134933392 0.11972234613279269 1.9959337764843055 -0.09673980950164808
34.58458458458458 1.0110231803842211 0.16868474771164488 1.9886096939483437 -0.19574688936659512
34.63463463463464 1.020664403516427 0.21631252515965085 1.9763627863861741 -0.2933515683839756
34.68468468468468 1.0326460341980928 0.26212285530306695 1.9592784219246737 -0.3889458567270858
34.73473473473474 1.0468651919820595 0.30564708197514184 1.9374722700903457 -0.48193641413506927
34.78478478478478 1.0631961032289083 0.3464345032225586 1.9110891053980228 -0.5717486507622469
34.83483483483484 1.081491009289404 0.38405602023291197 1.8803018575319534 -0.657830684609354
34.88488488488488 1.101581078574547 0.4181078876537545 1.8453106580196705 -0.7396574028757348
34.93493493493494 1.1232781971110626 0.4482147732896706 1.8063409352780975 -0.8167338220723402
34.98498498498498 1.1463762484662288 0.47403291492244953 1.7636420581638501 -0.8885985437271906
35.03503503503504 1.1706526006308053 0.4952533052178504 1.7174857578122396 -0.954827240428908
35.08508508508508 1.1958702057486132 0.5116038822787968 1.6681638767009197 -1.0150351269858844
35.13513513513514 1.2217793918673745 0.5228519557848874 1.6159864494504714 -1.0688796702879506
35.18518518518518 1.248119730519535 0.5288066079464332 1.5612797028769718 -1.1160632740721468
35.23523523523524 1.2746224228591116 0.529319909045786 1.5043834771062343 -1.1563347511387045
35.28528528528528 1.3010123372795324 0.524288551721839 1.4456490261461987 -1.1894912218084228
35.33533533533534 1.3270103316949455 0.5136547464752899 1.3854364977903277 -1.2153792559038388
35.38538538538538 1.3523355505008774 0.49740688163294955 1.3241124337704595 -1.2338957719145296
35.43543543543544 1.3767077069452711 0.47557994150097455 1.2620472778113276 -1.2449886866496727
35.48548548548548 1.3998494163024504 0.44825545944349965 1.199612816315983 -1.2486570863048954
35.53553553553554 1.4214885140820956 0.41556109180972345 1.1371796229275375 -1.2449510060436253
35.585585585585584 1.4413603681560687 0.37766981888437146 1.0751144980337022 -1.2339708247892691
35.63563563563564 1.4592101353803815 0.3347989152979138 1.013777958455714 -1.2158664205523944
35.685685685685684 1.4747949261391806 0.2872083502602718 0.9535218047166594 -1.1908357348898944
35.73573573573574 1.4878858878394965 0.23519906899230025 0.894686767760854 -1.1591232118858736
35.785785785785784 1.4982702083417978 0.17911087307257503 0.8376002250331678 -1.1210178200353593
35.83583583583584 1.5057529961111915 0.11931997769173763 0.7825740328750886 -1.0768507359701103
35.885885885885884 1.5101591005529047 0.056236431088620385 0.729902415872274 -1.0269928835542321
35.93593593593594 1.5113346197631086 -0.009699147544493681 0.6798601546303509 -0.9718517565318854
35.985985985985984 1.509148397733178 -0.07801862447341662 0.6327007901467808 -0.9118684518879503
36.03603603603604 1.5034933368894499 -0.14822977264677017 0.5886550051632237 -0.8475143181535113
36.086086086086084 1.4942875138642018 -0.21981992772559322 0.54792919847361 -0.7792873514147877
36.13613613613614 1.4814750982938407 -0.29225983074868866 0.5107042536739529 -0.7077083881642326
36.186186186186184 1.4650270556928302 -0.3650076046695417 0.4771345228707765 -0.6333171475116701
36.23623623623624 1.444941725006528 -0.43751278201622534 0.44734693572353923 -0.5566682127343361
36.286286286286284 1.4212451419903862 -0.5092204443234618 0.42144036251942285 -0.47832688154583625
36.33633633633634 1.3939911308956354 -0.5795754279457065 0.3994852095958385 -0.3988649322690687
36.386386386386384 1.3632612124997363 -0.6480265455592158 0.38152319989184913 -0.3188563605980596
36.43643643643644 1.3291643042013326 -0.7140307812820725 0.3675673641912411 -0.23887312765934307
36.486486486486484 1.2918362107039247 -0.7770574373993877 0.3576022450871894 -0.15948094110552344
36.53653653653654 1.251438905489236 -0.8365922033863218 0.351584314210493 -0.08123509848531413
36.586586586586584 1.2081596091816502 -0.8921411126045512 0.34944259746178263 -0.004676427771665475
36.63663663663664 1.1622097397924012 -0.9432344241700586 0.35107943156740984 0.06967270691388674
36.686686686686684 1.1138234498813844 -0.9894302020419082 0.35637164567010465 0.14131212818213088
36.73673673673674 1.0632562447537512 -1.0303178117020964 0.365171663375321 0.20976748053755856
36.786786786786784 1.0107833617366713 -1.0655211691349258 0.3773088527603146 0.2745936368878692
36.83683683683684 0.956697944837694 -1.09470174581066 0.3925910897378273 0.3353778779155349
36.886886886886884 0.9013090600735028 -1.1175612562947255 0.41080649121462687 0.3917427684689651
36.93693693693694 0.8449396696664514 -1.1338442173633783 0.4317251935178897 0.44334890985796416
36.986986986986985 0.7879243831691344 -1.1433398932158287 0.4551013738683622 0.48989710109752377
37.03703703703704 0.7306072057112237 -1.1458842090426244 0.48067527638612956 0.5311304703132458
37.087087087087085 0.6733391706173483 -1.1413612672671738 0.5081753668589816 0.566836222354672
37.13713713713714 0.6164758637623187 -1.1297043242256601 0.5373206135009634 0.5968468622425422
37.187187187187185 0.5603749703849731 -1.1108966248826015 0.5678227509645803 0.6210412793926774
37.23723723723724 0.50539375845919 -1.0849718134533834 0.5993886222208399 0.6393454192609603
37.287287287287285 0.4518865378010118 -1.0520138927533262 0.6317225602887904 0.6517325147923518
37.33733733733734 0.40020219158406023 -1.0121568781617278 0.6645287120796635 0.6582230134484064
37.387387387387385 0.35068160868056336 -0.9655841519795734 0.6975134657275659 0.6588842224550511
37.43743743743744 0.30365527026218797 -0.9125271847083668 0.7303877535771607 0.6538293227467036
37.487487487487485 0.2594409608550599 -0.8532643015378427 0.7628692362525649 0.6432164168281151
37.53753753753754 0.21834139324054347 -0.7881188177586166 0.7946845866515413 0.6272469752501301
37.587587587587585 0.18064201697274573 -0.717456915720747 0.8255716082223469 0.6061640182032566
37.63763763763764 0.14660894746419262 -0.6416852338580881 0.8552812477827368 0.5802500100182388
37.687687687687685 0.11648689037835794 -0.5612479387677596 0.8835796263192466 0.5498242618372768
37.73773773773774 0.09049771056288129 -0.4766243080295819 0.9102494493060915 0.5152407629540136
37.787787787787785 0.06883815328480376 -0.38832446244737107 0.935092263097833 0.4768843316613111
37.83783783783784 0.05167883167252663 -0.2968865193993384 0.9579294816973132 0.43516800732797734
37.887887887887885 0.03916281624511339 -0.20287273062528016 0.9786038144522425 0.3905295167259969
37.93793793793794 0.03140454059876592 -0.10686560674204458 0.9969803958078026 0.3434277081030772
37.987987987987985 0.028488853840657833 -0.00946379554700568 1.012947783273854 0.29433874595304027
38.03803803803804 0.03047032009755408 0.0887221058348181 1.026418724851963 0.2437522286015488
38.088088088088085 0.037372733183245826 0.18707382841830159 1.0373307263940854 0.19216721315303867
38.13813813813814 0.049188842731858286 0.2849697731993974 1.0456464224082656 0.14008817209339947
38.188188188188185 0.06588029478699547 0.38178938641610494 1.0513537470948464 0.08802091143569864
38.23823823823824 0.0873777941799449 0.4769175329226896 1.0544658982762158 0.03646848471475354
38.288288288288285 0.1135814999491126 0.5697488299010358 1.0550210834445477 -0.014072860562344774
38.33833833833834 0.14436154165178428 0.6596919427309529 1.0530821526999397 -0.06311770278762585
38.388388388388385 0.1795589443289489 0.7461737321111558 1.0487358493325447 -0.11019533200760445
38.43843843843844 0.21898662104748826 0.8286433287035324 1.042091996943071 -0.15485356683319262
38.488488488488485 0.2624304984302827 0.9065759916715013 1.0332825613249703 -0.19666236418198224
38.53853853853854 0.30965098694944954 0.9794768310906408 1.0224603905449927 -0.23521730596444915
38.588588588588586 0.3603845507659414 1.046884315097681 1.0097978614455014 -0.27014287878525634
38.63863863863864 0.4143454484144687 1.1083734836171015 0.9954853669626127 -0.3010954731322721
38.688688688688686 0.47122765029745595 1.1635589632063128 0.9797296378008687 -0.32776619393953854
38.73873873873874 0.5307068942700701 1.2120976701265789 0.9627519356639044 -0.3498833721321451
38.788788788788786 0.5924428465867554 1.2536911876156047 0.9447861497017938 -0.3672147634083443
38.83883883883884 0.6560814075124977 1.288087864792328 0.9260767581171334 -0.3795694809314714
38.888888888888886 0.7212570854589743 1.3150845294473135 0.9068767281697873 -0.38679955665961185
38.93893893893894 0.7875954612331589 1.3345279086884354 0.8874453335821085 -0.3888012225398017
38.988988988988986 0.8547157163627361 1.346315629807136 0.8680459150050673 -0.38551578842978196
39.03903903903904 0.922233196382388 1.350396890569675 0.8489436107399725 -0.3769302025703554
39.089089089089086 0.9897620018902616 1.346772745743679 0.8304030650773557 -0.3630772435849336
39.13913913913914 1.0569175837496725 1.3354960230017676 0.8126861367349283 -0.34403535676343794
39.189189189189186 1.1233193186759503 1.316670798468232 0.796049631046155 -0.31992806810562696
39.23923923923924 1.1885930409538827 1.2904514910399068 0.7807430784952755 -0.2909230331768592
39.289289289289286 1.2523736186382362 1.2570423892523483 0.7670064657557402 -0.25723150045671545
39.33933933933934 1.314307265828061 1.2166952221893532 0.7550682420768723 -0.21910590263159713
39.389389389389386 1.374054014044448 1.1697071712875318 0.7451431678600019 -0.17683786798247986
39.43943943943944 1.4312899089735307 1.1164190903245372 0.7374304248907666 -0.13075643744838247
39.489489489489486 1.4857089574906872 1.057213441031498 0.7321119697516084 -0.08122601410158599
39.53953953953954 1.5370253253091004 0.9925107215412585 0.7293506632428681 -0.028642862499663697
39.589589589589586 1.5849752090795597 0.9227663441367474 0.7292887079027568 0.026567953176847046
39.63963963963964 1.6293183271674028 0.8484677855057738 0.7320464495810511 0.08395535646481979
39.689689689689686 1.6698395304767004 0.7701307421915298 0.7377210734952436 0.1430460050188605
39.73973973973974 1.7063501163868784 0.6882953776053159 0.7463855855387317 0.20334793771476903
39.789789789789786 1.7386889457153765 0.6035224035698697 0.7580879844661376 0.26435437270377327
39.83983983983984 1.7667233746442041 0.5163890071742614 0.7728506134856056 0.3255476458225678
39.889889889889886 1.7903499751349081 0.42748466379057665 0.7906697161184408 0.3864032484931807
39.93993993993994 1.809495039684772 0.3374068701073872 0.8115151997574798 0.4463939317065828
39.989989989989986 1.824114875982786 0.24675683362075285 0.8353306010010096 0.5049938406782412
40.04004004004004 1.8341958842697277 0.15613513523164232 0.8620332597563052 0.5616826630446232
40.090090090090094 1.8397544210444574 0.06613747384944321 0.8915146936039647 0.6159496858064988
40.14014014014014 1.8408364448351942 -0.022649719693196943 0.9236411898113789 0.6672979629719212
40.190190190190194 1.8375169415969579 -0.10965330833962977 0.9582545906333928 0.7152481233695475
40.24024024024024 1.8298991665846729 -0.1943176165972258 0.9951732658014745 0.7593423000286352
40.290290290290294 1.8181137210358025 -0.2761083556590498 1.0341932384040615 0.7991478188952599
40.34034034034034 1.8023172392460756 -0.3545163499346966 1.0750896618204016 0.8342606487269867
40.390390390390394 1.78269104885658 -0.4290609736769119 1.1176183206687822 0.8643085780291888
40.44044044044044 1.759439988843428 -0.49929380383932187 1.16151703670131 0.8889546424920152
40.490490490490494 1.7327904182025466 -0.5648015383630877 1.2065077511868927 0.9078997183931995
40.54054054054054 1.7029883419716716 -0.6252086786111919 1.252298513027129 0.920884915911281
40.590590590590594 1.6702975779215914 -0.6801802591007335 1.2985854618047752 0.9276940339594811
40.64064064064064 1.6349976957579637 -0.7294239426059415 1.3450549750378913 0.9281553606774492
40.690690690690694 1.5973817642281654 -0.772691994750538 1.3913860099967563 0.9221433360073247
40.74074074074074 1.5577541055410205 -0.8097828010480927 1.437252417587852 0.9095797667453206
40.790790790790794 1.5164279519141453 -0.8405420783150412 1.4823253407392807 0.8904347283659646
40.84084084084084 1.4737228155821835 -0.8648637568764126 1.5262758852991072 0.8647271051439539
40.890890890890894 1.4299627299992221 -0.8826903097274326 1.568776894906298 0.8325246926912071
40.94094094094094 1.385473085977352 -0.8940129908290083 1.6095061287782495 0.793944027749333
40.990990990990994 1.3405789718389098 -0.8988717196905606 1.6481479184555148 0.7491500585842178
41.04104104104104 1.295601612363119 -0.8973542620277485 1.6843966976095799 0.698354866165592
41.091091091091094 1.2508569858976037 -0.8895952767468193 1.7179583451237754 0.6418165270666425
41.14114114114114 1.2066534089736052 -0.8757753179652727 1.7485525599020906 0.5798377975529454
41.191191191191194 1.1632884865757391 -0.8561185187977861 1.7759158131236747 0.5127633808686969
41.24124124124124 1.121048254262051 -0.8308915095632297 1.7998021584944406 0.44097871840005326
41.291291291291294 1.0802037342084505 -0.8004001351272316 1.8199865344635398 0.3649062202922572
41.34134134134134 1.0410099802118256 -0.7649874731154654 1.8362656299063342 0.28500312324742955
41.391391391391394 1.0037039851372274 -0.7250308142470546 1.8484598401963697 0.20175814188205793
41.44144144144144 0.9685031783545376 -0.6809388096252167 1.8564146379155215 0.11568835987253781
41.491491491491495 0.9356036132645738 -0.6331474749069359 1.8600021978310615 0.02733490582823355
41.54154154154154 0.9051790557814784 -0.5821173748877977 1.8591221710627104 -0.06274005899675986
41.591591591591595 0.8773796142750175 -0.5283294011569977 1.853702846967452 -0.1539578627138643
41.64164164164164 0.852330933217758 -0.4722812171142053 1.843701777711651 -0.24572709830133393
41.691691691691695 0.8301334046854396 -0.4144831075260609 1.8291063492930386 -0.33744802138838004
41.74174174174174 0.8108616567937253 -0.3554540025352139 1.809934077409 -0.42851674474657353
41.791791791791795 0.7945642712859808 -0.29571792536573077 1.786232689880272 -0.5183289747354761
41.84184184184184 0.7812634202662918 -0.2357982980319781 1.7580801655008629 -0.6062859951008702
41.891891891891895 0.7709552802460732 -0.17621538831247935 1.7255841498641538 -0.6917973130459987
41.94194194194194 0.7636101393848658 -0.11748160260479447 1.688881558476985 -0.7742855830419191
41.991991991991995 0.7591728934194651 -0.060097501263429005 1.6481378141448373 -0.8531907524660941
42.04204204204204 0.7575638052694622 -0.004547939113393393 1.6035458083949408 -0.9279740658297333
42.092092092092095 0.7586793216946072 0.04870173550955829 1.555324804728868 -0.9981220040186556
42.14214214214214 0.762393122643611 0.09920935165694714 1.5037190992759708 -1.063150077864454
42.192192192192195 0.7685574905578773 0.14655920546679113 1.4489963525781024 -1.1226062140049042
42.24224224224224 0.7770045800668307 0.1903653912107891 1.3914460242001319 -1.1760741876452265
42.292292292292295 0.7875480542614004 0.23027472508972796 1.3313774291660658 -1.2231766168335683
42.34234234234234 0.7999847703036559 0.265969472121724 1.2691177452508642 -1.2635777516512758
42.392392392392395 0.8140966336435834 0.2971697405458796 1.2050098476900677 -1.296985911573639
42.44244244244244 0.8296525100697628 0.3236357083020244 1.1394100852938196 -1.3231557464991133
42.492492492492495 0.8464103226222208 0.345169311079705 1.0726858691787395 -1.3418899320503266
42.54254254254254 0.8641191328582483 0.361615899144697 1.005213278067777 -1.3530408329131305
42.592592592592595 0.8825213993691845 0.37286516930205243 0.9373744858483515 -1.3565114068611934
42.64264264264264 0.9013551763531468 0.3788520952318055 0.8695552515696325 -1.3522561087939626
42.692692692692695 0.9203564052449612 0.37955740622213546 0.8021423167780403 -1.3402813219866978
42.74274274274274 0.9392612160287429 0.37500748289341784 0.7355207981854283 -1.320645181520565
42.792792792792795 0.9578081918189977 0.3652742822945045 0.6700716184021328 -1.2934574287816516
42.84284284284284 0.975740647568431 0.35047458445196644 0.6061689283564857 -1.2588785581306272
42.892892892892895 0.9928088157726422 0.3307688489251879 0.5441776304262673 -1.2171185575761276
42.94294294294294 1.0087721104975116 0.3063606455998758 0.48445081445903515 -1.168436247600057
42.992992992992995 1.0234010785344299 0.2774941873415613 0.42732753867003603 -1.1131366410699994
43.04304304304304 1.036479530074262 0.2444520989602328 0.3731304206580623 -1.0515685495474505
43.093093093093096 1.0478063741019819 0.20755368134387595 0.3221635328034159 -0.9841227055355855
43.14314314314314 1.057197246850341 0.16715286322047188 0.2747105171663161 -0.9112295586824501
43.193193193193196 1.0644863365014583 0.12363444622385297 0.23103251194530958 -0.8333552898019362
43.24324324324324 1.0695278890112427 0.07741102984702103 0.19136640538061161 -0.7509985333415707
43.293293293293296 1.0721973533209619 0.028920267056289847 0.15592346584480715 -0.6646874396170767
43.34334334334334 1.072392626671632 -0.021378916030896353 0.12488787702343773 -0.5749756579230283
43.393393393393396 1.070035068455761 -0.07301015600114255 0.09841551850403699 -0.4824382586469555
43.44344344344344 1.0650702410439283 -0.12548333341573373 0.07663303164147335 -0.38766780942659196
43.493493493493496 1.0574684676081558 -0.1782984603334592 0.05963708175845373 -0.29127023161250354
43.54354354354354 1.047225270547195 -0.23094978191690743 0.047493751236158684 -0.19386043188604973
43.593593593593596 1.0343615618361321 -0.28292987663582875 0.040238194456694305 -0.09605792811490026
43.64364364364364 1.0189235903119327 -0.3337336463493768 0.0378745512517807 0.0015174196059493973
43.693693693693696 1.0009827393484043 -0.38286248904164455 0.04037602187621639 0.09824987097976422
43.74374374374374 0.9806351098163523 -0.4298282734677983 0.047685173322227804 0.19353207197900257
43.793793793793796 0.9580008869436992 -0.4741573379384284 0.05971447505639219 0.28676935311463103
43.84384384384384 0.933223513650368 -0.5153943519931974 0.07634704392099664 0.3773838942822608
43.893893893893896 0.906468691947133 -0.5531060159323719 0.09743757652001758 0.46481873030726095
43.94394394394394 0.8779231820501804 -0.5868846559562125 0.12281349872562579 0.5485416565997926
43.993993993993996 0.8477934353221005 -0.6163515770860187 0.15227629736718787 0.6280488934822482
44.04404404404404 0.8163040683239692 -0.6411602222656447 0.18560302625558883 0.7028685585565283
44.094094094094096 0.7836961722294032 -0.6609991046849562 0.22254799255094557 0.772563913413417
44.14414414414414 0.7502255014140078 -0.6755944380373687 0.2628445796275396 0.8367363067981298
44.194194194194196 0.7161605121701732 -0.6847125136177448 0.30620723620934104 0.895027865031319
44.24424424424424 0.6817803167166193 -0.6881617820783696 0.3523335638499066 0.9471238846009338
44.294294294294296 0.6473725237596261 -0.6857945670583192 0.4009065361354764 0.9927548537920331
44.34434434434434 0.613230987525271 -0.677508491350756 0.4515968237525386 1.0316981847503284
44.394394394394396 0.5796535542323918 -0.66324760742368 0.5040651326057619 1.0637796448130261
44.44444444444444 0.5469396788066755 -0.6430029767922129 0.557964697952612 1.0888742310380997
44.4944944944945 0.5153880906375483 -0.616813242320192 0.6129437277473483 1.1069070359374262
44.54454454454454 0.485294383490574 -0.5847643703053876 0.6686479563821712 1.1178532705863409
44.5945945945946 0.4569486770967 -0.546989430127266 0.7247231234879806 1.1217383232954135
44.64464464464464 0.430633256130496 -0.5036679179638016 0.7808174939150065 1.1186373548171702
44.6946946946947 0.4066202961368956 -0.45502445876776576 0.8365843136886774 1.1086742570110932
44.74474474474474 0.3851696343174186 -0.40132753805829224 0.8916842195141419 1.0920206398512937
44.7947947947948 0.3665265834224703 -0.3428877622828545 0.9457876229830465 1.068894336657729
44.84484484484484 0.35091987850601364 -0.28005590970594624 0.9985769693499955 1.0395576898562886
44.8948948948949 0.3385598159178753 -0.21321985246209157 1.049748846016269 1.0043146790779056
44.94494494494494 0.32963634157477495 -0.14280216902289747 1.09901611570621 0.9635087540386403
44.994994994995 0.3243174801906655 -0.06925787064896255 1.1461097025578921 0.9175207672143417
45.04504504504504 0.3227477476770322 0.006929605618932702 1.1907804635302939 0.866765142048124
45.0950950950951 0.32504677704531443 0.08525190144680958 1.2328008264007029 0.8116865419839299
45.14514514514514 0.3313082464382194 0.16517890789083567 1.2719661138243055 0.7527568626134283
45.1951951951952 0.3415988454833926 0.24616282993764932 1.3080958630338517 0.6904713117796327
45.24524524524524 0.3559574493496053 0.32764234283892313 1.3410349427140091 0.6253443842775807
45.2952952952953 0.3743946182086062 0.4090463956959232 1.3706543351070524 0.5579061761889511
45.34534534534534 0.3968921620348413 0.4897985779125606 1.3968518734004236 0.4886981208764759
45.3953953953954 0.42340299272822324 0.5693213165405762 1.4195526897860717 0.4182688792377768
45.44544544544544 0.45385118279130804 0.6470401248953328 1.4387094618579066 0.34717016340148255
45.4954954954955 0.48813221124161865 0.7223878827585182 1.4543024757717795 0.27595251367958695
45.545545545545544 0.5261134473548816 0.7948090398347268 1.4663394534312288 0.2051611365667299
45.5955955955956 0.5676348283097566 0.8637637433699185 1.4748551871568245 0.13533180298244607
45.645645645645644 0.6125097559202618 0.9287319589917759 1.4799109586148642 0.06698673791550544
45.6956956956957 0.6605261750116539 0.9892173008136735 1.481593772251775 0.0006307845928897465
45.745745745745744 0.7114478608802096 1.0447508047876461 1.4800153816752741 -0.06325239015755503
45.7957957957958 0.7650158869590494 1.0948945515621291 1.4753111352818005 -0.12420395530122305
45.845845845845844 0.8209502361341221 1.1392448482355595 1.4676386703477062 -0.18179315003575164
45.8958958958959 0.8789516144115682 1.1774354586554048 1.4571764092548607 -0.23562058156474314
45.945945945945944 0.9387034072906871 1.2091404551568865 1.4441219065058686 -0.28532116002746194
45.995995995996 0.9998737325516909 1.2340766638021763 1.428690091157306 -0.33056664176737
46.046046046046044 1.0621176678288116 1.2520059769845826 1.4111113343712833 -0.37106805505577695
46.0960960960961 1.1250795301828724 1.2627372416399032 1.3916294556775426 -0.406577715258883
46.146146146146144 1.1883952830679954 1.2661278490801349 1.370499596746424 -0.4368909565557405
46.1961961961962 1.2516949969893552 1.2620849476622398 1.347986033251393 -0.4618475000835578
46.246246246246244 1.3146053484240723 1.2505663137099763 1.3243599401587325 -0.4813324933525781
46.2962962962963 1.3767521948513408 1.231580863569404 1.2998970735378645 -0.4952772047923689
46.346346346346344 1.4377631051356543 1.2051887573978548 1.274875485241571 -0.5036593212872307
46.3963963963964 1.4972699522765673 1.1715011735263208 1.2495731677799276 -0.5065029297925715
46.446446446446444 1.5549114303555118 1.1306796806836765 1.224265762286304 -0.503878107201417
46.4964964964965 1.6103355600550122 1.0829352600411308 1.1992242678075589 -0.49590017160909555
46.546546546546544 1.6632021411660853 1.0285269532237098 1.174712791945132 -0.4827285702851296
46.5965965965966 1.7131850900207823 0.9677601727453544 1.1509864030944659 -0.46456543883940227
46.646646646646644 1.7599747531545236 0.9009846564808563 1.128288996091588 -0.4416538154370357
46.6966966966967 1.8032800108114853 0.8285921252780921 1.1068513514570497 -0.414275564070213
46.746746746746744 1.8428303639506676 0.7510136027178501 1.0868892013213167 -0.3827489708698392
46.7967967967968 1.8783778032986633 0.6687164655214388 1.0686014965921984 -0.3474260761260126
46.846846846846844 1.9096985562337814 0.582201218942371 1.0521687831623603 -0.3086897388260654
46.8968968968969 1.936594657433945 0.4919980333794691 1.0377517394873998 -0.2669504678234856
46.946946946946944 1.9588953427455382 0.3986630623285655 1.0254898761149724 -0.22264303948416397
46.996996996997 1.976458253313524 0.3027745692709125 1.015500409826671 -0.1762229285610969
47.047047047047045 1.9891704277612356 0.2049288840718158 1.007877333379822 -0.12816257227666122
47.0970970970971 1.9969491012129807 0.10573623774171156 1.0026906639190838 -0.07894751527912024
47.147147147147145 1.9997423963311172 0.00581655509851986 0.9999857914548764 -0.029072513270639377
47.1971971971972 1.9975295356523028 -0.09420501314649793 0.9997832704376327 0.02096261872000038
47.247247247247245 1.9903211731302413 -0.19370236367154658 1.002078501720043 0.07065696790532357
47.2972972972973 1.9781590526764115 -0.2920529290818287 1.00684203918698 0.11951269709338658
47.347347347347345 1.9611160298977828 -0.38864193364333116 1.0140195594981838 0.16703898989823196
47.3973973973974 1.9392954028870817 -0.48286676738393075 1.0235324718673233 0.21275611304836362
47.447447447447445 1.9128302470420249 -0.5741411820007837 1.0352785254582868 0.25619930507754335
47.4974974974975 1.8818824786520532 -0.6618994071261541 1.0491326673647956 0.29692258724044096
47.547547547547545 1.8466417345992903 -0.745600096635965 1.0649480708712007 0.33450241004423886
47.5975975975976 1.8073240688555654 -0.8247300364207865 1.0825573328926832 0.36854107068957015
47.647647647647645 1.7641704351971275 -0.898807791791459 1.1017738679915092 0.3986700650511416
47.6976976976977 1.717445023415663 -0.9673870061034997 1.1223934368439374 0.42455310621866654
47.747747747747745 1.667433420542877 -1.0300594884876486 1.1441958344958114 0.4458889356872041
47.7977977977978 1.6144406226090335 -1.0864580167908433 1.1669467143033485 0.4624138578896443
47.847847847847845 1.5587889225250253 -1.136258828295672 1.1903995231896636 0.47390397210336643
47.8978978978979 1.5008156540707491 -1.179183810071505 1.214297565682404 0.4801771106368215
47.947947947947945 1.4408709085361788 -1.2150023072959493 1.2383760895806628 0.48109441204900905
47.997997997998 1.3793154125521119 -1.243532423054176 1.2623642197239076 0.47656141940280444
48.048048048048045 1.3165171403855964 -1.2646429940647987 1.285988043578751 0.4665297386007491
48.0980980980981 1.2528497277475137 -1.2782533125175894 1.3089720406154841 0.45099666520149617
48.148148148148145 1.1886895211360449 -1.2843340913619754 1.3310417564093542 0.43000590307504644
48.1981981981982 1.1244130384925184 -1.282907459984458 1.351926089803198 0.40364738149785717
48.248248248248245 1.0603943249910717 -1.2740464648579237 1.371359660260489 0.372056584572543
48.2982982982983 0.9970028625056797 -1.2578746171317272 1.3890846775627832 0.33541396637404913
48.348348348348345 0.9346001496204764 -1.2345645753594081 1.4048539843729284 0.2939434352034105
48.3983983983984 0.873538196253694 -1.2043368360622915 1.4184323691182417 0.24791097552870583
48.448448448448445 0.8141567524744538 -1.167457955346923 1.429599003241935 0.19762272695572966
48.4984984984985 0.7567811484134651 -1.1242384751319074 1.4381493133624639 0.14342281706021368
48.548548548548546 0.7017200971534688 -1.0750304723311985 1.4438968693265517 0.08569082358315223
48.5985985985986 0.6492637782707933 -1.020224978033264 1.4466750094313943 0.02483912806072938
48.648648648648646 0.5996817199585833 -0.9602486203855263 1.446338610015112 -0.03869050235454459
48.6986986986987 0.5532213839439948 -0.8955607814860703 1.442765234202958 -0.10442978572784706
48.748748748748746 0.5101064528224111 -0.8266498860209798 1.4358565047615022 -0.17188766453241366
48.7987987987988 0.4705355291074463 -0.7540298412962779 1.4255391028026525 -0.24055387050070842
48.848848848848846 0.4346809180534796 -0.6782360391265092 1.4117656593440444 -0.3099029128989582
48.8988988988989 0.40268775967314396 -0.5998218735844253 1.3945153499759422 -0.3793975399817409
48.948948948948946 0.3746730253757406 -0.5193537865648427 1.3737945198256445 -0.44849364895550525
48.998998998999 0.3507251133875096 -0.43740758086629017 1.349636821826229 -0.5166439175648622
49.049049049049046 0.33090349446505674 -0.35456420965900215 1.3221032688631762 -0.5833019440141697
49.0990990990991 0.3152384987568643 -0.2714053477741865 1.2912821317030216 -0.6479265902538156
49.149149149149146 0.30373143357029336 -0.18850916063113163 1.2572885271509353 -0.7099861090647921
49.1991991991992 0.296354840838099 -0.10644607572672876 1.2202638691798868 -0.768962257762114
49.249249249249246 0.2930530422824311 -0.025774652929327548 1.180375040060397 -0.8243542936344879
49.2992992992993 0.29374262181775734 0.05296255286051785 1.1378136227715776 -0.8756829813179106
49.349349349349346 0.2983136174900604 0.12924280778196642 1.0927944469670428 -0.9224942296169811
49.3993993993994 0.30663050564119576 0.20256695986896334 1.0455543395893874 -0.964362688301052
49.449449449449446 0.31853338874071346 0.2724630597421424 0.9963506802617681 -1.0008951893148827
49.4994994994995 0.3338395138857772 0.3384896702359875 0.945459641227972 -1.0317338538795968
49.549549549549546 0.35234486183534103 0.40023898344220876 0.893174363578622 -1.0565590017504816
49.5995995995996 0.3738259170675242 0.4573396712722916 0.8398029630324433 -1.0750917792131793
49.649649649649646 0.39804154513327583 0.5094594412376825 0.78566644129997 -1.0870964847815292
49.6996996996997 0.4247349696404227 0.5563072226589049 0.7310965141213387 -1.0923825179173299
49.749749749749746 0.4536359352509773 0.5976351921907457 0.6764332536753379 -1.090806146744018
49.7997997997998 0.48446292009231207 0.6332403558096839 0.6220227021025051 -1.082271828708782
49.849849849849846 0.5169254565067288 0.6629657815033649 0.5682143882866403 -1.0667331689121298
49.8998998998999 0.5507259998470527 0.6867013918215292 0.515359337019801 -1.044193490451514
49.949949949949946 0.5855631603509217 0.7043848455399309 0.4638066475612254 -1.0147063285571996
50.0 0.621133614226837 0.7160015145730951 0.41390149470097565 -0.9783751743287847
