Estación:	NOGALES	NOGALES							
Operada por:	SMN EMAS								
Longitud:	"110°54'50"""	Latitud:	"31°17'52"""	Altitud:	1269				
DD/MM/AAAA HH:MM	      DIRS	      DIRR	      VELS	      VELR	      TEMP	         HR	        PB	      PREC	   RADS
									
23/01/2019 22:00	329	355	11.25	25.5	13.5	20	877.1	0	458.5
23/01/2019 23:00	348	330	10.21	19.1	13.2	17	876.7	0	255.7
24/01/2019 00:00	342	336	7.79	19.5	11.5	22	876.5	0	62.3
24/01/2019 01:00	322	335	8.34	19.2	9.6	26	876.4	0	0
24/01/2019 02:00	291	331	6.75	20	8.5	30	876.7	0	0
24/01/2019 03:00	278	279	6.65	14.4	7.5	34	876.8	0	0
24/01/2019 04:00	279	305	7.85	15.6	6.8	33	877.1	0	0
24/01/2019 05:00	308	347	6.56	14.3	6.1	33	877.2	0	0
24/01/2019 06:00	242	271	3.94	9.6	5	36	876.9	0	0
24/01/2019 07:00	228	268	1.78	6.2	3.7	41	876.6	0	0
24/01/2019 08:00	85	102	3.12	6.1	2.9	44	876.3	0	0
24/01/2019 09:00	238	241	2.85	6	2.6	45	875.9	0	0
24/01/2019 10:00	91	105	3.83	9.1	2.6	46	875.7	0	0
24/01/2019 11:00	84	96	4.09	8.4	1.8	47	875.6	0	0
24/01/2019 12:00	244	255	3.68	6.6	1.4	51	875.6	0	0
24/01/2019 13:00	82	288	2.1	7.5	1.5	50	875.5	0	0
24/01/2019 14:00	83	99	3.44	6.3	1.7	48	875.8	0	20.5
24/01/2019 15:00	102	105	5.14	11	5.3	40	876.4	0	231
24/01/2019 16:00	82	133	3.7	9.2	8.5	32	876.9	0	447.2
24/01/2019 17:00	37	352	4.06	12.9	10.5	29	877	0	620.7
24/01/2019 18:00	96	123	5.48	12.5	13.1	27	876.7	0	729.2
24/01/2019 19:00	66	338	6	15.8	15.7	26	876.1	0	771.2
24/01/2019 20:00	24	58	8.79	23.4	17.1	24	875	0	737
24/01/2019 21:00	6	354	8.89	19.2	17.7	23	874.3	0	630.7
24/01/2019 22:00	340	321	9.17	21.3	17.8	23	874.1	0	464.3
24/01/2019 23:00	338	336	11.71	22.3	17.1	24	874.2	0	246.7
25/01/2019 00:00	335	335	14.65	25.4	15.2	26	874.7	0	61.7
25/01/2019 01:00	338	332	14.58	27.6	13	30	875.7	0	0
25/01/2019 02:00	335	339	11.99	25.2	11.7	30	876.3	0	0
25/01/2019 03:00	278	344	3.82	18.4	10.5	33	876.4	0	0
25/01/2019 04:00	284	355	3.22	8.8	9	36	876.2	0	0
25/01/2019 05:00	239	349	3.27	7.5	7.9	40	876.2	0	0
25/01/2019 06:00	260	229	0.26	5	6.3	43	875.9	0	0
25/01/2019 07:00	223	320	1.47	6.6	5.1	46	875.7	0	0
25/01/2019 08:00	230	286	2.52	7.1	4.6	45	875.8	0	0
25/01/2019 09:00	238	259	2.87	6.4	3.8	49	876.2	0	0
25/01/2019 10:00	241	216	2.9	6.3	3.2	48	876.5	0	0
25/01/2019 11:00	253	296	1.11	4.4	2.7	47	876.2	0	0
25/01/2019 12:00	95	98	3.76	7.9	2.5	49	876.2	0	0
25/01/2019 13:00	101	97	4.34	7.3	2	50	876.3	0	0
25/01/2019 14:00	86	90	5.15	11	2	50	876.3	0	22.3
25/01/2019 15:00	84	94	7.6	16	5.6	42	876.1	0	238.3
25/01/2019 16:00	85	76	11.63	21.7	8.2	37	876.4	0	464.7
25/01/2019 17:00	90	97	7.36	20.8	11.8	29	876.9	0	633.3
25/01/2019 18:00	67	107	6.75	15.2	15	24	876.6	0	739.2
25/01/2019 19:00	49	98	6.87	17.1	17.1	20	875.8	0	780
25/01/2019 20:00	85	315	4.09	16.5	18.5	18	874.9	0	746
25/01/2019 21:00	21	244	4.39	14.2	19.7	16	874	0	637.5
25/01/2019 22:00	340	352	6.43	16.6	20.2	14	873.4	0	471.3
25/01/2019 23:00	309	360	6.97	18.3	20.4	14	873.1	0	263
26/01/2019 00:00	339	343	12.48	22.1	17.8	19	873	0	67.8
26/01/2019 01:00	314	337	9.04	23.1	15	24	873.4	0	0
26/01/2019 02:00	327	328	20.59	38.8	12.9	28	874	0	0
26/01/2019 03:00	276	344	6.61	38.9	11.2	32	874.6	0	0
26/01/2019 04:00	11	266	0.73	10.9	9.1	38	874.4	0	0
26/01/2019 05:00	328	349	12.82	32.9	8.7	39	874.9	0	0
26/01/2019 06:00	307	351	6.97	27	8.2	40	875.4	0	0
26/01/2019 07:00	190	192	1.58	6.7	6.3	45	875.1	0	0
26/01/2019 08:00	328	312	5.39	10	5.6	47	875.1	0	0
26/01/2019 09:00	80	316	2.46	9	4.4	49	875.2	0	0
26/01/2019 10:00	266	320	2.71	14.8	4.3	48	875.1	0	0
26/01/2019 11:00	247	260	4.21	8	3.5	50	874.9	0	0
26/01/2019 12:00	343	357	7.27	18	5.2	44	875.3	0	0
26/01/2019 13:00	181	268	1.92	8.8	3.3	50	875.7	0	0
26/01/2019 14:00	132	115	2.61	8.4	2.6	52	876.5	0	20.8
26/01/2019 15:00	307	342	6.57	21.4	6.8	42	877.1	0	228.5
26/01/2019 16:00	321	334	9.2	19.6	8.1	38	877.4	0	386
26/01/2019 17:00									
26/01/2019 18:00									
26/01/2019 19:00									
26/01/2019 20:00									
26/01/2019 21:00									
26/01/2019 22:00									
26/01/2019 23:00									
27/01/2019 00:00									
27/01/2019 01:00									
27/01/2019 02:00									
27/01/2019 03:00									
27/01/2019 04:00									
27/01/2019 05:00									
27/01/2019 06:00									
27/01/2019 07:00									
27/01/2019 08:00									
27/01/2019 09:00									
27/01/2019 10:00									
27/01/2019 11:00									
27/01/2019 12:00									
27/01/2019 13:00									
27/01/2019 14:00									
27/01/2019 15:00									
27/01/2019 16:00									
27/01/2019 17:00									
27/01/2019 18:00									
27/01/2019 19:00									
27/01/2019 20:00	234	224	6.54	17.9	22.8	15	875.2	0	730
27/01/2019 21:00	273	307	11.92	26.2	23.8	14	874.3	0	622.2
27/01/2019 22:00	265	312	13.9	30.2	23.3	14	874.1	0	489.8
27/01/2019 23:00	298	330	9.69	28	22.6	15	873.8	0	271.8
28/01/2019 00:00	271	280	9.7	23.6	20.5	18	873.6	0	68.7
28/01/2019 01:00	309	346	7.36	19.5	17	24	873.8	0	0
28/01/2019 02:00	280	300	1.51	11.6	14.3	28	873.7	0	0
28/01/2019 03:00	324	346	6.69	17.7	13.9	27	874	0	0
28/01/2019 04:00	241	231	5.68	8.7	11.8	32	874.1	0	0
28/01/2019 05:00	309	320	1.44	7.5	10.7	34	873.7	0	0
28/01/2019 06:00	75	114	3.06	5.7	9.8	34	873.6	0	0
28/01/2019 07:00	292	329	2.4	8.2	8.5	38	873.3	0	0
28/01/2019 08:00	279	360	1.04	5.3	7.9	40	873.1	0	0
28/01/2019 09:00	87	103	5.18	10.2	7.6	39	872.9	0	0
28/01/2019 10:00	240	329	0.83	6.1	6.3	43	872.8	0	0
28/01/2019 11:00	72	75	1.54	4.5	6.5	42	872.8	0	0
28/01/2019 12:00	91	98	4.46	8.8	6.3	42	872.6	0	0
28/01/2019 13:00	324	96	2.43	6.1	5.6	44	872.6	0	0
28/01/2019 14:00	306	304	0.82	5	5.9	44	873.1	0	20.7
28/01/2019 15:00	83	93	4.3	8.4	9.8	38	873.3	0	233
28/01/2019 16:00	92	111	3.91	8	14.2	31	873.4	0	445.7
28/01/2019 17:00	119	152	4.33	10.5	17.6	26	873.6	0	590.8
28/01/2019 18:00	5	360	3.38	14.4	19.7	22	873.5	0	647.8
28/01/2019 19:00	355	359	7.89	19.2	19.9	18	873.1	0	727.3
28/01/2019 20:00	318	349	7.37	20	21.2	19	872.4	0	719.2
28/01/2019 21:00	335	348	8.99	20.8	22.1	19	871.9	0	580.5
28/01/2019 22:00	344	328	9.07	21.9	21.9	20	871.7	0	414.8
28/01/2019 23:00	339	293	9.53	24	21.5	20	871.6	0	174.7
29/01/2019 00:00	317	349	5.2	17.1	19.3	22	871.8	0	37.2
29/01/2019 01:00	273	282	5.33	11.9	16.9	27	872.1	0	0
29/01/2019 02:00	293	310	3.87	11.7	15	30	872.9	0	0
29/01/2019 03:00	256	306	7.7	11.9	14.1	32	873.4	0	0
29/01/2019 04:00	242	264	5.26	11.9	13.2	34	873.8	0	0
29/01/2019 05:00	166	256	1.35	8.4	12.4	37	873.7	0	0
29/01/2019 06:00	252	210	2.24	9.2	11.3	40	873.6	0	0
29/01/2019 07:00	64	20	1.15	6.6	10.9	41	873.3	0	0
29/01/2019 08:00	92	116	4.92	8.2	10.5	43	873.1	0	0
29/01/2019 09:00	355	124	2.32	10.6	9.7	44	872.4	0	0
29/01/2019 10:00	235	278	1.73	8.1	8.3	49	872.3	0	0
29/01/2019 11:00	100	106	5.28	8.2	7.3	50	872	0	0
29/01/2019 12:00	281	307	3.88	6.3	7.3	51	871.8	0	0
29/01/2019 13:00	350	335	1.6	6.2	7.7	50	872	0	0
29/01/2019 14:00	275	269	3.41	7	7.8	50	872.2	0	6.2
29/01/2019 15:00	231	273	1.93	10.2	9.6	47	872.4	0	93
29/01/2019 16:00	299	296	2.26	9.2	12.8	38	872.6	0	197.5
29/01/2019 17:00	250	267	6.97	21.6	15.5	33	872.9	0	302.2
29/01/2019 18:00	221	247	9.65	21.1	17.4	29	872.7	0	343.2
29/01/2019 19:00	244	278	8.8	22.8	18	29	871.9	0	266.2
29/01/2019 20:00	254	319	10.13	23.1	19.5	28	870.9	0	494.2
29/01/2019 21:00	268	275	16.81	32.3	21.1	23	870.4	0	637.2
29/01/2019 22:00	249	264	14.99	29.5	21	23	870.2	0	500.5
29/01/2019 23:00	261	274	15.14	27.7	19.7	24	869.9	0	187.2
30/01/2019 00:00	253	278	9.82	21	18	26	869.9	0	37.7
30/01/2019 01:00	236	236	8.17	17.1	16.7	30	870.1	0	0
30/01/2019 02:00	243	257	10.89	19.1	15.6	32	870.5	0	0
30/01/2019 03:00	246	242	7.03	17.8	14.5	34	870.7	0	0
30/01/2019 04:00	245	276	4.4	10.8	13.8	36	870.8	0	0
30/01/2019 05:00	94	89	4.61	8	12.7	38	870.9	0	0
30/01/2019 06:00	219	202	4.03	8.6	12.7	38	870.9	0	0
30/01/2019 07:00	153	158	5.08	14.6	13.1	38	870.6	0	0
30/01/2019 08:00	278	298	2.49	8	12.5	41	870.5	0	0
30/01/2019 09:00	330	314	1.09	7.8	11	45	870.4	0	0
30/01/2019 10:00	323	336	3.12	6.8	9.2	50	870.5	0	0
30/01/2019 11:00	44	94	2.09	4.4	8.8	51	870.5	0	0
30/01/2019 12:00	284	311	2.5	6.5	9.2	51	870.4	0	0
30/01/2019 13:00	92	359	3.03	6.1	9.3	52	870.7	0	0
30/01/2019 14:00	226	248	0.8	6.7	9.5	52	871	0	4.5
30/01/2019 15:00	263	300	2.64	6.8	10.5	49	871.7	0	44.7
30/01/2019 16:00	93	96	4.3	11.2	12.4	45	872.2	0	177.7
30/01/2019 17:00	80	91	7.16	13.5	14.7	39	872.6	0	354.7
30/01/2019 18:00	199	218	9.09	20.5	17.2	32	872.4	0	605.3
30/01/2019 19:00	226	230	11.8	22.3	17.9	29	871.9	0	539.5
30/01/2019 20:00									
30/01/2019 21:00									
